# tas [K] from MPI-ESM-LR model output prepared for CMIP5 RCP4.5 r1i1p1
# cutting out region lon=   -0.938  359.062, lat=  -89.497   89.497
 1850   284.3272       284.6966       285.6350       286.5895       287.5130       288.1457       288.2933       287.9969       287.5185       286.5030       285.5053       284.7613    
 1851   284.4342       285.0931       286.0056       286.8276       287.7119       288.2287       288.3712       288.2033       287.5680       286.4840       285.3841       284.8076    
 1852   284.7113       284.9714       285.7883       286.8745       287.7117       288.3192       288.4868       288.2410       287.6698       286.5819       285.4543       284.8809    
 1853   284.7993       284.9891       285.7025       286.7612       287.8326       288.4555       288.7395       288.5792       287.7723       286.6169       285.5768       284.9542    
 1854   285.0070       285.4518       286.1036       287.0197       287.9396       288.4742       288.6663       288.5518       287.8513       286.8149       285.6295       284.9808    
 1855   284.8844       285.2425       285.8945       286.9532       287.7422       288.1824       288.5398       288.4241       287.6216       286.7747       285.8516       284.8729    
 1856   284.6088       284.9155       285.8156       286.8011       287.6299       288.2634       288.3586       288.2308       287.5057       286.5117       285.6130       284.6370    
 1857   284.4892       284.8522       285.7448       286.7616       287.6834       288.2156       288.4493       288.1667       287.5246       286.4463       285.2892       284.5910    
 1858   284.4723       284.8150       285.5458       286.6534       287.6628       288.1216       288.4311       288.2478       287.7963       286.8264       285.6112       284.8421    
 1859   284.5422       285.0992       285.7664       286.8558       287.7494       288.3725       288.4806       288.3530       287.7245       286.5816       285.3494       284.7871    
 1860   284.4131       284.8306       285.7284       286.6761       287.4487       288.1310       288.4691       288.2404       287.5211       286.3806       285.4004       284.6947    
 1861   284.6036       284.9914       285.6235       286.7342       287.5609       288.3151       288.5047       288.2728       287.7050       286.5884       285.4172       284.5413    
 1862   284.2317       284.7226       285.5793       286.5440       287.5270       288.1813       288.3011       288.1316       287.4496       286.3439       285.1913       284.4265    
 1863   284.3304       284.9381       285.5247       286.4987       287.3293       288.0106       288.3703       288.2386       287.4536       286.3714       285.2762       284.5226    
 1864   284.2867       284.6052       285.4988       286.3455       287.4115       288.0444       288.2744       288.0875       287.5321       286.3416       285.4667       284.5956    
 1865   284.4015       285.0494       285.8452       286.7295       287.5431       288.2363       288.4091       288.2484       287.5393       286.4694       285.2910       284.6530    
 1866   284.5197       284.6994       285.4818       286.6838       287.6804       288.2469       288.6241       288.3945       287.6816       286.7289       285.6385       284.8190    
 1867   284.7637       285.0024       286.0733       286.9456       287.7975       288.4358       288.7552       288.5840       287.8402       286.7540       285.5393       284.9118    
 1868   284.5129       284.8556       285.8458       286.9363       287.7131       288.4459       288.5995       288.4507       287.7252       286.5923       285.6169       284.9815    
 1869   284.4976       284.9112       285.6040       286.7594       287.6692       288.2991       288.4502       288.2714       287.6084       286.4795       285.3190       284.6822    
 1870   284.4625       284.7935       285.7841       286.6068       287.4313       288.1477       288.3906       288.2280       287.5710       286.4288       285.2986       284.6700    
 1871   284.4521       284.8404       285.6482       286.5393       287.5801       288.2343       288.4890       288.3461       287.7253       286.6458       285.4131       284.6461    
 1872   284.5664       284.9312       285.9343       286.9111       287.7021       288.3929       288.6383       288.4044       287.7258       286.6797       285.6223       284.7914    
 1873   284.6580       285.2100       286.0609       286.9739       287.9725       288.4928       288.7118       288.6057       287.9439       286.8959       285.7034       285.0588    
 1874   284.7253       285.0074       285.8445       286.9069       287.8640       288.4717       288.5847       288.4470       287.7668       286.6125       285.7576       284.8401    
 1875   284.6534       285.1859       285.9958       286.8720       287.9128       288.4197       288.5820       288.3720       287.7945       286.9439       285.7921       285.2118    
 1876   285.1706       285.3628       286.0656       286.9989       287.8814       288.5588       288.8379       288.6328       287.8266       286.7564       285.7462       284.9045    
 1877   284.8847       285.2589       285.9781       286.9409       287.7885       288.2302       288.5653       288.2677       287.5472       286.4465       285.4524       284.8392    
 1878   284.5576       285.2427       285.8080       286.7488       287.6112       288.3504       288.5027       288.4866       287.8285       286.6766       285.3464       284.8905    
 1879   284.7413       284.9759       285.8698       286.9121       287.8077       288.5468       288.6994       288.3902       287.7817       286.7901       285.5696       284.7308    
 1880   284.5495       285.2198       285.9092       287.0489       287.7424       288.3126       288.5775       288.2134       287.5927       286.6082       285.3765       284.8224    
 1881   284.6962       284.9168       285.7034       286.8974       287.6694       288.3359       288.4855       288.2829       287.6662       286.6419       285.4416       284.5738    
 1882   284.4924       284.8670       285.5681       286.6463       287.5962       288.0732       288.3529       288.1994       287.5269       286.4251       285.2812       284.6279    
 1883   284.3005       284.7645       285.5808       286.6271       287.4770       288.0906       288.3063       287.9937       287.3659       286.3027       285.0399       284.2988    
 1884   284.2288       284.6395       285.1850       286.2305       287.1420       287.8510       288.0176       287.7743       287.0956       286.0814       284.8624       284.1916    
 1885   283.9336       284.2505       285.2096       286.2495       287.0448       287.7090       287.9253       287.7043       287.0763       285.9919       284.7489       283.9714    
 1886   283.7433       284.1248       285.2339       286.2314       287.1142       287.8689       288.0767       287.9249       287.3016       286.1812       285.0232       284.1426    
 1887   284.1914       284.4677       285.2833       286.3879       287.4291       287.9502       288.2977       288.0264       287.4827       286.3574       285.1527       284.3008    
 1888   284.2625       284.5159       285.4292       286.4028       287.4844       288.2655       288.3968       288.2308       287.6309       286.6722       285.3296       284.5566    
 1889   284.5858       284.7435       285.5284       286.6901       287.5614       288.2024       288.4883       288.3277       287.5868       286.2819       285.3852       284.6057    
 1890   284.2742       284.9012       285.6875       286.6822       287.5351       288.2536       288.3233       288.0570       287.3897       286.2514       285.2720       284.4866    
 1891   284.0515       284.6672       285.5284       286.4592       287.2991       288.0215       288.3718       288.1802       287.3987       286.3577       285.1332       284.3068    
 1892   284.4065       284.8987       285.5926       286.5151       287.5239       288.1226       288.2653       288.1723       287.4982       286.3706       285.3202       284.4990    
 1893   284.5419       285.0490       285.5695       286.7138       287.7713       288.3525       288.6641       288.4843       287.8629       286.6573       285.5476       284.6279    
 1894   284.5160       285.0666       285.6874       286.7406       287.6418       288.2904       288.5019       288.3185       287.6626       286.6041       285.3485       284.7446    
 1895   284.5449       284.8521       285.7771       286.6541       287.5292       288.1324       288.4465       288.3152       287.7105       286.5603       285.3474       284.8180    
 1896   284.6026       285.2214       286.0262       286.9556       287.6995       288.3906       288.6219       288.3344       287.5513       286.5488       285.4064       284.8382    
 1897   284.6705       285.0730       285.7758       286.9199       287.9228       288.5399       288.6759       288.5505       287.7897       286.8872       285.6540       284.7195    
 1898   284.5912       284.8167       285.8080       286.8088       287.6649       288.2890       288.4862       288.3113       287.6587       286.5238       285.2057       284.5611    
 1899   284.4272       284.8749       285.5824       286.6746       287.6155       288.2071       288.4305       288.1436       287.6426       286.5643       285.4968       284.7955    
 1900   284.6278       284.9519       285.7943       286.8175       287.6318       288.2478       288.4314       288.1924       287.6662       286.5365       285.3559       284.7077    
 1901   284.3179       284.9611       285.8083       286.7132       287.5860       288.2387       288.3939       288.1884       287.5607       286.6102       285.4163       284.6781    
 1902   284.4398       284.7550       285.4858       286.6567       287.4121       288.0940       288.3879       288.1807       287.7015       286.5474       285.4055       284.8410    
 1903   284.3904       284.8266       285.6494       286.5626       287.5380       288.1078       288.4294       288.2155       287.6480       286.6847       285.6433       284.7696    
 1904   284.5789       285.1201       285.9774       286.7988       287.5741       288.1354       288.3391       288.2372       287.5161       286.4915       285.4012       284.5265    
 1905   284.4833       284.7258       285.7477       286.6314       287.5275       288.2430       288.4634       288.3204       287.6433       286.5361       285.4738       284.7668    
 1906   284.5169       284.7769       285.7021       286.6635       287.7453       288.4010       288.5108       288.2991       287.6881       286.7901       285.4469       284.7215    
 1907   284.3871       285.0330       285.6171       286.6370       287.5128       288.0769       288.3473       288.1928       287.5143       286.3596       285.2165       284.4642    
 1908   284.5405       284.9055       285.5449       286.6212       287.4676       288.2117       288.3643       288.2167       287.6668       286.5073       285.2193       284.6834    
 1909   284.7154       284.9660       285.7112       286.8605       287.7247       288.2893       288.4289       288.3912       287.7338       286.7733       285.5433       284.7790    
 1910   284.8593       285.0390       285.8065       286.8500       287.7787       288.3712       288.5843       288.3191       287.7268       286.7012       285.5507       284.8321    
 1911   284.7011       284.9738       285.6589       286.7559       287.5911       288.1866       288.4159       288.2845       287.5852       286.7280       285.5347       284.8748    
 1912   284.7488       284.9709       285.9267       286.9284       287.8373       288.4532       288.6624       288.4749       287.8198       286.8554       285.6916       285.0901    
 1913   284.8625       285.3350       285.8791       286.9210       287.7914       288.3503       288.4778       288.3274       287.6552       286.7710       285.7641       285.0397    
 1914   284.9513       285.2351       286.1452       287.0066       287.8653       288.3690       288.5795       288.4837       287.8508       286.7446       285.5656       284.8979    
 1915   284.7671       285.0256       285.9033       286.7647       287.7647       288.3485       288.5471       288.3575       287.7469       286.7828       285.7085       284.9796    
 1916   284.9668       285.2374       285.8824       286.8849       287.8777       288.5478       288.6624       288.5198       287.9445       286.9187       285.8733       285.2347    
 1917   284.8601       285.3398       286.1089       286.9791       287.8182       288.4605       288.6292       288.3158       287.8222       286.5839       285.5038       284.8032    
 1918   284.6248       284.9541       285.7823       286.8955       287.9132       288.3848       288.6027       288.4332       287.7900       286.5756       285.5523       284.8849    
 1919   284.6084       284.8830       285.8692       286.8725       287.8204       288.4097       288.7652       288.5154       287.8629       286.9622       285.8627       285.0323    
 1920   284.7299       285.1349       286.0636       287.0417       287.9544       288.5298       288.6054       288.3887       287.6501       286.5502       285.4246       284.7509    
 1921   284.4996       284.8141       285.7156       286.6068       287.5909       288.1978       288.4298       288.2622       287.5308       286.4384       285.5425       284.8255    
 1922   284.5617       284.9646       285.6331       286.6693       287.6603       288.2757       288.5054       288.3080       287.6682       286.6771       285.5758       284.8104    
 1923   284.6669       284.9249       285.8100       286.9092       287.7775       288.3108       288.6014       288.4095       287.7981       286.6239       285.4679       284.6946    
 1924   284.6044       284.9948       285.4930       286.7280       287.6620       288.3221       288.5969       288.3661       287.7731       286.5701       285.5254       284.8530    
 1925   284.8117       285.0133       285.8383       286.8585       287.7907       288.3625       288.6097       288.4337       287.8122       286.8175       285.6062       284.9275    
 1926   284.5976       284.9878       285.9329       286.9599       287.6597       288.3352       288.5676       288.4532       287.7504       286.7067       285.2780       284.9147    
 1927   284.5644       284.8751       285.6335       286.6895       287.7099       288.2863       288.5090       288.4331       287.8348       286.7814       285.5563       284.7841    
 1928   284.6617       284.9298       286.0094       286.8853       287.7508       288.4804       288.7331       288.5991       287.8726       286.8681       285.5720       284.7437    
 1929   284.6230       285.3074       285.8136       286.8809       287.7380       288.3404       288.6667       288.4495       287.7361       286.5671       285.4251       284.8926    
 1930   284.4657       285.0274       285.9202       286.8467       287.7312       288.4513       288.6694       288.5355       287.8945       286.8665       285.7271       284.8871    
 1931   284.5423       285.0128       285.7319       286.7906       287.7569       288.3365       288.6833       288.4359       287.7839       286.8493       285.7286       284.9415    
 1932   284.7302       285.2675       286.1589       286.9359       287.7625       288.4929       288.6813       288.4108       287.7043       286.5674       285.5652       284.6141    
 1933   284.4448       285.0145       285.6965       286.6606       287.5836       288.2369       288.5369       288.2467       287.5532       286.6289       285.3856       284.8229    
 1934   284.5797       285.0415       285.8757       286.8930       287.8762       288.3825       288.6609       288.4757       287.6678       286.8150       285.5305       284.8908    
 1935   284.9414       285.2126       285.9967       287.0022       287.9292       288.7089       288.9899       288.6456       288.0418       286.9225       285.6232       285.1667    
 1936   284.9619       285.1364       285.9776       287.0424       287.7990       288.3385       288.5182       288.4399       287.7067       286.7791       285.5889       284.7994    
 1937   284.7330       285.0707       285.8778       286.7848       287.6400       288.1604       288.4444       288.3811       287.7233       286.6604       285.6773       284.9237    
 1938   284.6147       285.0235       285.7478       286.8723       287.7015       288.3453       288.5300       288.3666       287.7520       286.6208       285.4614       284.7697    
 1939   284.5441       284.9955       285.7753       286.8397       287.6383       288.3000       288.5788       288.3970       287.6272       286.6608       285.5620       284.6646    
 1940   284.4921       284.9116       285.7072       286.6207       287.6062       288.2509       288.5189       288.2771       287.7055       286.5557       285.6618       284.8244    
 1941   284.6201       284.8575       285.8985       287.0398       287.8735       288.5296       288.6787       288.4606       287.8389       286.8833       285.8025       284.9843    
 1942   284.9996       285.5404       286.2577       287.0705       288.1268       288.5735       288.7574       288.5586       287.8563       286.7502       285.6973       284.7977    
 1943   284.6939       285.0989       285.8391       286.8266       287.8116       288.3437       288.6415       288.3914       287.6961       286.5911       285.4536       284.8104    
 1944   284.5441       284.8960       285.7022       286.7921       287.7704       288.3461       288.6548       288.4669       287.9374       286.7695       285.5522       284.8377    
 1945   284.6132       284.8568       285.8052       287.0001       287.7255       288.4561       288.5823       288.4074       287.7963       286.6377       285.6251       284.8039    
 1946   284.6060       285.0846       285.8617       286.5987       287.6729       288.2870       288.5895       288.3723       287.7818       286.6867       285.4869       284.5783    
 1947   284.5565       284.9806       285.6858       286.8401       287.8412       288.4299       288.6652       288.5433       287.7723       286.8517       285.8949       285.0190    
 1948   284.7915       285.1129       285.8981       286.9310       287.9486       288.4148       288.6329       288.4445       287.8064       286.7602       285.5955       284.8090    
 1949   284.6001       285.0644       285.7776       286.8911       287.8780       288.5119       288.5570       288.3273       287.7393       286.7275       285.5098       284.9315    
 1950   284.8986       285.1149       285.9467       287.0863       288.0140       288.5465       288.7727       288.5872       287.7300       286.6877       285.4855       284.8929    
 1951   284.5465       285.0055       285.7808       286.8185       287.7336       288.2818       288.5345       288.4042       287.7131       286.6902       285.6944       285.0125    
 1952   284.6901       284.9312       286.1140       286.9050       287.8775       288.5005       288.7019       288.6242       287.8272       286.7876       285.7171       284.9617    
 1953   284.6826       285.1029       286.0083       287.1669       287.9623       288.4712       288.6252       288.5228       287.8508       286.9807       285.7216       285.0413    
 1954   284.9309       285.1967       285.7577       286.8069       287.7686       288.4188       288.7887       288.6288       287.9734       286.7802       285.6274       284.8844    
 1955   284.8088       285.1533       285.8823       287.0721       287.9584       288.6053       288.9296       288.6908       288.0432       286.9051       285.7095       285.1936    
 1956   284.8540       285.0601       286.0786       287.0134       287.8850       288.5445       288.5773       288.5103       287.8794       286.7523       285.6426       284.9677    
 1957   284.6248       285.1216       285.9081       287.0545       287.8037       288.4908       288.6635       288.4933       287.7666       286.7121       285.7648       284.9837    
 1958   284.7487       285.0918       285.7294       286.7986       287.8323       288.5052       288.6696       288.4191       287.7687       286.6476       285.5548       284.8710    
 1959   284.5851       284.9528       285.8619       287.0262       287.7015       288.3781       288.6047       288.4020       287.6034       286.6837       285.5419       284.6845    
 1960   284.5797       285.0169       285.8438       286.9285       287.7250       288.2623       288.5484       288.2713       287.6955       286.6554       285.4345       284.6335    
 1961   284.6799       284.9549       285.9106       286.8751       287.8821       288.6164       288.7972       288.6077       287.9387       286.8332       285.7743       285.1142    
 1962   284.9264       285.2861       285.9127       286.9600       287.9571       288.4791       288.7641       288.6549       287.9343       286.9610       285.8108       285.1799    
 1963   285.1224       285.3201       286.2182       287.1456       288.0000       288.6202       288.9538       288.7356       288.1953       287.0501       285.9054       285.1698    
 1964   284.9337       285.3069       286.2689       287.2079       288.0884       288.6926       288.8473       288.5431       287.9668       286.8167       285.6510       285.0242    
 1965   284.8146       285.2547       286.0854       287.0392       287.7555       288.3976       288.7148       288.4248       287.7667       286.7223       285.5592       284.7601    
 1966   284.4247       284.8433       285.8051       286.7947       287.9298       288.5175       288.6922       288.6204       287.8665       286.7444       285.6111       284.6896    
 1967   284.5402       285.0389       285.8245       287.0040       287.8557       288.4243       288.5527       288.4879       287.8328       286.7943       285.7924       285.0103    
 1968   284.9327       285.1910       285.8807       287.0140       288.0327       288.6948       288.8881       288.6589       287.9990       286.9763       285.7174       284.9377    
 1969   284.7038       285.1184       285.8304       286.7852       287.8210       288.4759       288.7362       288.5005       287.8177       286.6348       285.4338       284.6524    
 1970   284.4767       285.0017       285.8455       286.7977       287.7710       288.3042       288.7282       288.6470       287.9982       286.8954       285.7733       284.8137    
 1971   284.7076       285.2036       286.0414       287.2497       288.0874       288.6845       289.0050       288.7932       288.0813       287.0520       285.9305       285.3157    
 1972   285.0823       285.4879       286.1805       287.2344       288.2121       288.8895       288.9742       288.7891       288.1597       287.1231       286.1233       285.4145    
 1973   284.9875       285.3727       286.4026       287.4066       288.1301       288.8001       289.0811       288.7469       288.1439       287.0981       286.0042       285.0782    
 1974   285.0328       285.5434       286.2303       287.0882       288.0284       288.4564       288.8270       288.7128       288.0750       286.9587       285.8344       285.2524    
 1975   285.0232       285.2859       286.1527       287.2704       288.0901       288.6659       288.9001       288.7326       288.2324       287.1504       285.8606       285.1916    
 1976   284.9253       285.2114       286.0829       287.2073       288.2787       288.8659       289.1011       288.9905       288.3822       287.2383       286.0898       285.4854    
 1977   285.0995       285.5541       286.3435       287.4163       288.2537       288.8350       289.0222       288.8210       288.1764       287.0995       286.0167       285.3715    
 1978   285.3198       285.4265       286.4380       287.2581       288.1632       288.5717       288.8294       288.8589       288.1974       287.2014       286.0226       285.1505    
 1979   285.0306       285.5547       286.3982       287.3925       288.1657       288.7473       289.1156       288.9018       288.3072       287.4354       286.3031       285.5187    
 1980   285.3365       285.7010       286.6452       287.7983       288.4697       288.9658       289.2183       289.1165       288.4165       287.3703       286.1857       285.5312    
 1981   285.4070       285.9700       286.6078       287.6597       288.4106       288.9105       289.1099       288.8862       288.1551       287.1889       286.0634       285.4991    
 1982   285.3934       285.7466       286.5157       287.3569       288.2359       288.8581       289.1138       288.8590       288.2227       287.2339       285.9905       285.1893    
 1983   284.9051       285.4337       286.2929       287.0903       288.0437       288.7390       288.8919       288.7812       288.1305       287.0882       285.9541       285.2268    
 1984   284.8993       285.5825       286.4657       287.4402       288.2070       288.8113       289.1214       289.0288       288.3405       287.4121       286.2060       285.5618    
 1985   285.1621       285.5466       286.4780       287.4738       288.2583       288.9480       289.1083       288.9110       288.3817       287.3931       286.1302       285.5726    
 1986   285.1620       285.6539       286.3465       287.2803       288.3075       288.8613       289.0983       288.8369       288.3329       287.2600       286.1915       285.5007    
 1987   285.2416       285.7450       286.6680       287.5632       288.2649       288.8911       289.2718       289.0136       288.3896       287.3952       286.3561       285.4734    
 1988   285.6932       285.8095       286.3937       287.5114       288.3482       288.9072       289.0931       289.0123       288.3672       287.3344       286.0940       285.5026    
 1989   285.3620       285.7599       286.5154       287.6183       288.5831       289.1801       289.3715       289.2007       288.6316       287.6606       286.6511       285.9178    
 1990   285.7101       285.9363       286.8157       287.8713       288.6869       289.2630       289.3998       289.2809       288.6963       287.6549       286.5304       286.0453    
 1991   285.6112       286.0378       286.9733       287.7207       288.5972       289.1630       289.3011       289.0854       288.3656       287.2222       286.0670       285.3318    
 1992   285.0345       285.2494       286.1133       287.0229       287.9184       288.5146       288.7523       288.6112       287.8752       286.8685       285.6344       285.0623    
 1993   285.0858       285.1140       286.0658       287.0576       287.8368       288.4950       288.8339       288.6986       287.9813       286.9585       285.7488       285.2267    
 1994   285.1077       285.3541       286.1129       287.3056       288.2730       288.9747       289.1577       288.9720       288.2324       287.4736       286.2062       285.4110    
 1995   285.2353       285.5793       286.5032       287.3525       288.3074       288.7529       289.0523       288.8543       288.2306       287.2815       286.2526       285.4912    
 1996   285.1092       285.4331       286.2858       287.4135       288.3034       289.0006       289.2470       289.1568       288.4713       287.4690       286.1926       285.5104    
 1997   285.2487       285.6207       286.4223       287.4968       288.3257       289.0106       289.2090       288.9259       288.3976       287.4201       286.3360       285.7217    
 1998   285.5674       285.9382       286.6837       287.8505       288.7565       289.2822       289.5278       289.3115       288.6843       287.6692       286.5119       285.8277    
 1999   285.7162       285.9874       286.8132       287.8574       288.7736       289.2834       289.4111       289.2368       288.6818       287.7937       286.6257       285.7861    
 2000   285.6525       286.0434       286.9806       287.8504       288.6452       289.1939       289.2766       289.1541       288.6228       287.7083       286.5044       285.8274    
 2001   285.4241       285.9974       286.5721       287.6902       288.6425       289.1670       289.4957       289.1909       288.5465       287.5314       286.3561       285.7580    
 2002   285.4272       286.0710       286.7726       287.8479       288.7016       289.2483       289.4225       289.2654       288.6222       287.6098       286.5475       285.9719    
 2003   285.6367       285.8775       286.7818       287.8855       288.8042       289.4212       289.6921       289.3787       288.7564       287.7913       286.7832       285.7978    
 2004   285.6122       286.0768       286.8154       287.7657       288.6266       289.1956       289.3698       289.2445       288.6407       287.5260       286.4041       285.6064    
 2005   285.4300       285.9188       286.6960       287.7694       288.5407       289.1549       289.4080       289.3040       288.7007       287.6207       286.3965       285.6752    
 2006   285.4683       285.9740       286.7696       287.8671       288.6520       289.2249       289.5269       289.3271       288.7571       287.7841       286.7045       286.0891    
 2007   285.7150       286.0254       286.7115       287.9628       288.7831       289.3054       289.4968       289.4832       288.8223       287.8481       286.8078       285.9005    
 2008   285.7679       286.0293       286.9954       287.7720       288.6706       289.2878       289.5096       289.4690       288.8392       287.7797       286.8969       286.2188    
 2009   285.8557       286.3260       287.0974       287.9404       288.7211       289.1891       289.4668       289.3940       288.7739       287.7218       286.6538       286.0394    
 2010   285.7439       285.9867       286.7824       287.7812       288.7966       289.4333       289.6248       289.5433       288.9767       287.9652       286.7928       286.1420    
 2011   285.9189       286.1805       287.2009       288.0385       288.9945       289.7233       289.9485       289.6901       289.0805       288.0846       286.9737       286.2635    
 2012   285.9678       286.5950       287.3701       288.2328       288.9691       289.7125       289.9111       289.6701       289.1331       288.1335       287.1229       286.2021    
 2013   286.1169       286.5029       287.3246       288.2094       288.9392       289.5379       289.8784       289.6513       289.0482       288.0024       287.0586       286.2033    
 2014   285.9539       286.3236       287.1118       288.0965       288.9171       289.4409       289.7919       289.6200       289.1289       288.1312       287.0052       285.9244    
 2015   285.7275       286.3186       287.1019       288.1676       289.0991       289.7145       289.9350       289.7643       289.1909       288.4668       287.3158       286.4778    
 2016   286.3664       286.5985       287.4222       288.4714       289.3269       289.8774       289.9377       289.8810       289.2327       288.1447       287.1005       286.2098    
 2017   286.1001       286.3301       287.3084       288.0948       288.9903       289.5304       289.7540       289.5956       288.7997       287.6897       286.5250       286.0040    
 2018   285.6681       286.0281       286.8862       287.9865       288.7622       289.2790       289.6030       289.3829       288.8340       287.9845       286.8888       286.0927    
 2019   285.9654       286.1263       286.9078       288.0675       288.9496       289.4784       289.6309       289.7010       289.0973       288.0880       287.0631       286.5437    
 2020   285.8652       286.2298       287.2365       288.2368       289.0375       289.7281       289.8493       289.7881       288.8725       288.0095       286.8958       286.0644    
 2021   285.8801       286.2830       287.2042       288.1979       289.0767       289.7308       289.8938       289.6408       288.9676       288.1157       287.1409       286.1682    
 2022   285.9889       286.3203       287.2624       287.9894       288.8973       289.4080       289.7000       289.5114       288.8529       287.9610       286.7267       286.0246    
 2023   285.8516       286.1045       287.0668       287.9260       288.8422       289.5396       289.6790       289.5256       288.9708       288.0805       287.0274       286.1092    
 2024   285.9164       286.2570       287.1468       288.1301       289.0091       289.5956       290.0054       289.7622       289.0220       288.1522       286.9318       286.3166    
 2025   286.0556       286.5122       287.3008       288.4840       289.2001       289.7448       289.9536       289.7885       289.1007       288.2007       287.0467       286.4249    
 2026   286.1960       286.6004       287.2435       288.3474       289.2372       289.6965       289.9215       289.7093       289.1030       288.0934       287.1230       286.2957    
 2027   285.8112       286.2337       287.0162       288.1487       289.0736       289.6812       289.9534       289.6899       288.9969       287.9981       287.0373       286.0653    
 2028   285.9442       286.5010       287.3050       288.2435       289.1007       289.8592       290.0815       289.9404       289.2888       288.2553       287.3202       286.5369    
 2029   286.1889       286.6270       287.4744       288.3653       289.3350       290.0283       290.2631       290.0507       289.3606       288.4058       287.2074       286.3791    
 2030   286.2077       286.4503       287.1325       288.2186       289.1416       289.6578       289.9526       289.7407       289.0910       288.1685       287.1725       286.3687    
 2031   286.1783       286.5461       287.3600       288.3743       289.0925       289.7928       290.0718       289.8540       289.1493       288.2851       287.1614       286.6230    
 2032   286.3138       286.5616       287.3546       288.3964       289.1475       289.8045       290.1195       289.9358       289.4543       288.5914       287.6286       286.9648    
 2033   286.8979       287.1569       287.7466       288.8337       289.6588       290.2982       290.5332       290.1835       289.5494       288.5692       287.3881       286.7937    
 2034   286.7374       286.9626       287.5701       288.5805       289.3557       289.9359       290.0469       289.9906       289.3793       288.3304       287.1574       286.3449    
 2035   286.1162       286.7475       287.3141       288.1588       289.2357       289.7902       289.9987       289.8829       289.2630       288.2847       287.3217       286.4750    
 2036   286.3056       286.6430       287.6143       288.5055       289.2845       290.0098       290.3420       290.1996       289.5087       288.6204       287.5576       286.7360    
 2037   286.5833       287.0550       287.8076       288.7052       289.5318       290.0995       290.4039       290.1607       289.4554       288.5355       287.5673       286.7905    
 2038   286.5434       286.9420       287.7745       288.8279       289.5745       290.1563       290.2576       290.0723       289.5129       288.5164       287.5392       286.9187    
 2039   286.6482       287.0497       287.8607       288.7437       289.5216       290.1329       290.3019       290.4193       289.7187       288.7532       287.7142       286.8379    
 2040   286.4400       286.8303       287.6235       288.6833       289.4762       290.1153       290.2741       290.1313       289.5434       288.6185       287.5429       286.6862    
 2041   286.4462       286.8580       287.5288       288.6339       289.2849       289.8650       290.1437       289.9875       289.2243       288.3507       287.3597       286.5676    
 2042   286.4779       286.7011       287.6383       288.5631       289.3163       290.0239       290.2947       290.1035       289.5344       288.5346       287.3430       286.6756    
 2043   286.7075       286.9812       287.7869       288.7755       289.7010       290.2499       290.4793       290.2329       289.6255       288.7640       287.8583       287.1107    
 2044   286.8633       287.2484       288.0624       288.9929       289.8191       290.3606       290.5852       290.3375       289.7426       288.7231       287.6053       286.8781    
 2045   286.5950       286.8608       287.7401       288.8098       289.5050       290.1640       290.3888       290.1729       289.5985       288.6215       287.4831       286.7127    
 2046   286.3958       286.9937       287.6903       288.5687       289.3481       289.9305       290.3380       290.2017       289.6472       288.6669       287.5441       286.6542    
 2047   286.5094       286.8453       287.8162       288.6042       289.4767       290.1038       290.3492       290.2532       289.7594       288.6469       287.7175       286.9869    
 2048   286.6939       287.0563       287.6147       288.4974       289.3719       290.1063       290.3259       290.1307       289.4933       288.4621       287.4568       286.6808    
 2049   286.5456       286.8352       287.2809       288.4223       289.5984       290.1507       290.4000       290.3048       289.7089       288.7590       287.6067       286.9331    
 2050   286.7574       287.1405       288.0272       288.9535       289.6975       290.1241       290.5051       290.3905       289.6680       288.7530       287.7050       286.8358    
 2051   286.9115       287.0430       288.0087       288.8841       289.7758       290.3703       290.6496       290.4336       289.9081       289.0385       288.0050       287.1678    
 2052   286.9687       287.3299       287.8788       289.0289       289.8369       290.3619       290.5630       290.2855       289.4814       288.6323       287.6146       286.8965    
 2053   286.5939       286.7597       287.6317       288.6088       289.5145       290.1144       290.3049       290.0908       289.4136       288.6307       287.6313       286.9740    
 2054   286.7559       287.2548       287.9867       288.7763       289.6283       290.2039       290.4861       290.3787       289.6808       288.7207       287.6088       287.0085    
 2055   286.8285       286.9225       287.8205       288.9439       289.6898       290.1849       290.5110       290.4674       289.7399       288.7864       287.7271       286.8116    
 2056   286.7878       287.0326       287.8385       288.6570       289.4892       290.2500       290.5011       290.2898       289.5323       288.5042       287.3581       286.7623    
 2057   286.4542       286.9065       287.6256       288.6801       289.6242       290.1450       290.4108       290.2591       289.6679       288.7198       287.6772       286.8404    
 2058   286.8080       287.0757       288.0387       289.1364       290.0604       290.5741       290.7763       290.5675       289.9547       289.0137       287.9956       287.2646    
 2059   286.8939       287.2339       287.9440       288.9981       289.8407       290.3037       290.6278       290.3433       289.7299       288.8324       287.7679       287.0567    
 2060   286.6815       286.9648       287.7468       288.7582       289.6022       290.1616       290.4500       290.3488       289.7482       288.9105       287.7441       287.1503    
 2061   286.7218       286.9697       287.7425       288.8004       289.5436       290.0355       290.3620       290.1932       289.6086       288.7416       287.7443       287.0042    
 2062   286.7475       286.9128       288.0684       288.9663       289.8104       290.4922       290.7477       290.5924       290.0488       289.1896       288.1982       287.5620    
 2063   287.2639       287.6092       288.3131       289.2470       289.9740       290.6519       290.8978       290.6909       290.0247       289.1677       288.1859       287.5859    
 2064   287.0959       287.4283       288.1179       289.2270       289.9885       290.5600       290.6940       290.4402       289.8434       289.0103       287.7993       287.0385    
 2065   286.6902       287.2976       287.9843       288.9262       289.7023       290.3133       290.5312       290.4405       289.7939       288.9802       287.8389       287.3301    
 2066   286.9370       287.2178       288.2043       289.0145       289.8230       290.3336       290.5338       290.4129       289.7345       288.8847       287.9621       287.0629    
 2067   286.9341       287.1472       287.8920       288.9714       289.6967       290.2195       290.4878       290.3300       289.7435       288.7664       287.6091       287.1433    
 2068   286.7906       286.9312       287.8993       288.8889       289.7973       290.4192       290.4767       290.4600       289.8753       289.1353       288.1037       287.2545    
 2069   287.1315       287.5370       288.3972       289.2812       290.0741       290.6794       290.9473       290.6961       290.0449       289.0527       288.1198       287.5617    
 2070   287.1686       287.4077       288.1284       289.0629       290.0557       290.6172       290.7571       290.5586       289.9529       288.9549       287.9928       287.0498    
 2071   286.7944       287.2801       288.0848       288.9712       289.6967       290.1989       290.5079       290.3272       289.6358       288.5659       287.6458       286.8986    
 2072   286.7172       286.8114       287.7957       288.8530       289.5868       290.1871       290.5346       290.4193       289.7809       288.8706       287.6890       286.9894    
 2073   286.8592       287.0878       287.9206       288.9251       289.8280       290.4567       290.7179       290.6373       289.9850       289.0891       288.1498       287.3899    
 2074   287.0697       287.4004       288.5073       289.3153       290.2498       290.7618       291.0516       290.7952       290.2503       289.2619       288.3514       287.2876    
 2075   287.0991       287.4672       288.2029       289.4893       289.9105       290.5743       290.7505       290.5925       289.9058       289.0177       288.0063       287.2454    
 2076   287.1078       287.2351       288.1172       289.1434       289.8795       290.3537       290.6446       290.3999       289.8036       288.8503       287.6960       286.9952    
 2077   286.5416       287.1150       288.0242       288.9410       289.7929       290.3074       290.5908       290.4068       289.7388       288.8544       287.8828       287.2126    
 2078   286.9667       287.4060       288.2413       289.0506       289.9564       290.5553       290.8263       290.6962       290.0538       289.0623       287.9991       287.2937    
 2079   287.0343       287.4035       288.3677       289.0598       289.8616       290.4172       290.7776       290.5434       289.8990       289.0390       288.0810       287.2485    
 2080   286.9639       287.4404       288.3575       289.3564       290.1715       290.7635       291.1056       290.8549       290.3181       289.3712       288.3832       287.6572    
 2081   287.5963       287.8558       288.7287       289.5571       290.3713       290.9558       291.1657       290.9082       290.0777       289.2777       288.2482       287.3741    
 2082   287.2054       287.5162       288.0976       289.1969       289.9389       290.4043       290.5486       290.3936       289.8657       288.9927       288.0791       287.2514    
 2083   287.0631       287.1862       288.0597       289.0234       289.7996       290.2780       290.5421       290.4103       289.7685       288.8729       287.9328       286.9507    
 2084   286.7518       287.4934       287.9640       288.9342       289.7779       290.3754       290.6344       290.4431       289.7722       288.9226       287.9060       287.1906    
 2085   287.2594       287.3994       288.0916       289.2469       290.0211       290.5478       290.8682       290.7116       290.0349       289.1885       288.1978       287.4207    
 2086   287.3763       287.5951       288.1745       289.4128       290.1371       290.8374       290.9439       290.7870       290.1431       289.1816       287.9462       287.3872    
 2087   287.0783       287.2802       288.1623       289.1927       290.1664       290.7029       290.9337       290.6643       290.0485       289.1918       287.9124       287.1362    
 2088   286.9465       287.3430       288.2608       289.0790       289.8729       290.4901       290.6661       290.6144       290.1048       289.1459       288.0226       287.1885    
 2089   287.0884       287.5416       288.2224       289.2203       290.1694       290.5403       290.8287       290.6582       290.0872       289.2390       288.2749       287.4982    
 2090   287.3762       287.7096       288.3622       289.3235       290.1557       290.6545       290.8791       290.7471       290.1772       289.0654       288.1332       287.3982    
 2091   286.9755       287.5667       288.4410       289.1814       290.0012       290.5591       290.7387       290.4950       289.9196       288.9973       287.9727       287.3244    
 2092   286.8380       287.4567       288.1377       289.0143       289.7985       290.3332       290.6437       290.5529       289.9218       288.9731       288.0287       287.2391    
 2093   287.1575       287.3727       288.2358       289.0690       289.9585       290.4496       290.8056       290.5808       289.8956       289.1043       288.0291       287.1656    
 2094   286.9955       287.4105       288.1617       289.1715       289.9963       290.6100       290.8774       290.6730       290.0712       289.1983       288.1770       287.4408    
 2095   287.2431       287.4310       288.1166       289.2906       290.0972       290.6955       290.8607       290.7581       289.9817       289.3281       288.2551       287.3802    
 2096   287.3665       287.7547       288.4389       289.3876       290.1950       290.6944       291.0540       290.8476       290.2467       289.3693       288.2649       287.4731    
 2097   287.2204       287.4781       288.3719       289.3537       290.1294       290.7188       290.7592       290.6036       290.0213       289.0830       287.9758       287.2557    
 2098   286.8812       287.2414       288.0610       289.0675       289.8693       290.2817       290.6425       290.5352       289.9480       289.0652       288.1670       287.2259    
 2099   286.9887       287.2574       288.1075       289.0851       289.9240       290.5359       290.9386       290.6879       290.2112       289.2890       288.2496       287.5396    
 2100   287.3579       287.7821       288.4700       289.3393       290.2316       290.7805       291.1111       290.9889       290.2934       289.4966       288.3573       287.6755    
 2101   287.4691       287.7800       288.5003       289.5133       290.2886       290.8299       291.1638       290.9391       290.3046       289.4189       288.4496       287.7458    
 2102   287.3975       287.8567       288.4532       289.2992       290.2506       290.7874       291.0677       290.8378       290.2377       289.3409       288.4823       287.6028    
 2103   287.1949       287.6111       288.3756       289.3029       290.0503       290.6798       290.8557       290.6928       290.1622       289.3353       288.2294       287.5016    
 2104   287.1315       287.4334       288.3063       289.2074       289.9898       290.5745       290.7578       290.6566       290.0674       289.0767       288.1729       287.6071    
 2105   287.2324       287.4226       288.3912       289.4132       290.1184       290.5646       290.8091       290.7352       290.1548       289.1980       288.2599       287.5568    
 2106   287.3971       287.5099       288.2692       289.5011       290.3106       290.8989       290.9672       290.9325       290.3665       289.5033       288.3651       287.6694    
 2107   287.3591       287.8633       288.4983       289.6603       290.4242       290.9796       291.2428       291.0678       290.3831       289.5620       288.7074       288.0408    
 2108   287.6183       287.8086       288.6204       289.4286       290.3429       290.8097       291.0820       290.9302       290.2625       289.3269       288.2088       287.3231    
 2109   287.1271       287.4618       288.1359       289.1807       289.9515       290.5245       290.7986       290.6508       289.9661       289.0910       288.0982       287.5480    
 2110   287.2658       287.4055       288.5552       289.3727       290.2368       290.5695       291.0055       290.8047       290.2154       289.2651       288.2698       287.8774    
 2111   287.6620       287.9629       288.7832       289.6448       290.4033       290.9309       291.1917       291.0826       290.3433       289.4531       288.2897       287.7264    
 2112   287.3242       287.3284       288.2953       289.2506       290.0142       290.6464       290.9915       290.7216       290.1715       289.2777       288.2737       287.3574    
 2113   287.2392       287.5308       288.3926       289.4365       290.1518       290.6935       291.0990       290.9217       290.3238       289.3196       288.3663       287.7140    
 2114   287.5333       287.9291       288.5581       289.4943       290.3592       291.0105       291.2058       290.9678       290.4915       289.7011       288.6184       287.9688    
 2115   287.7293       287.8634       288.6174       289.6187       290.3183       290.8356       291.0657       290.8561       290.1357       289.3389       288.4091       287.4930    
 2116   287.3231       287.5667       288.2397       289.1832       290.0505       290.6304       290.8870       290.7031       290.1189       289.2006       288.0744       287.3747    
 2117   287.5461       287.8053       288.5229       289.4456       290.2444       290.8809       291.1076       291.0219       290.3601       289.3532       288.4207       287.7162    
 2118   287.5182       287.8978       288.5598       289.5671       290.2740       290.8027       291.1471       290.9150       290.3333       289.3857       288.4969       287.7762    
 2119   287.7166       288.1500       288.7215       289.6661       290.3840       290.9947       291.1299       290.9212       290.3895       289.4473       288.5141       288.0197    
 2120   287.4545       287.7316       288.6191       289.5189       290.3978       291.0600       291.1616       291.0131       290.2774       289.4479       288.3528       287.8086    
 2121   287.4018       287.9712       288.5434       289.5104       290.3418       290.9964       291.2599       291.0434       290.4461       289.4691       288.4554       287.7379    
 2122   287.8276       287.7584       288.5025       289.3920       290.0579       290.6379       290.8124       290.5982       289.9643       288.9483       288.0117       287.3141    
 2123   286.9940       287.4188       288.1526       289.0972       289.9182       290.4961       290.8325       290.6386       290.1061       289.1108       288.1013       287.4844    
 2124   287.1441       287.6761       288.2894       289.1664       290.2271       290.7505       290.8570       290.6937       290.1178       289.2768       288.2652       287.3753    
 2125   287.4302       287.8052       288.6231       289.3978       290.3758       290.9648       291.1541       290.8740       290.2121       289.2749       288.3241       287.5346    
 2126   287.3565       287.5136       288.4610       289.5274       290.2574       290.8502       291.0161       290.8465       290.2014       289.3871       288.3649       287.8431    
 2127   287.4596       288.0158       288.6189       289.4578       290.3176       290.9428       291.2245       290.9463       290.4130       289.4799       288.6313       287.7439    
 2128   287.3677       287.8303       288.5901       289.4395       290.2628       290.9843       291.1295       291.0124       290.3916       289.4971       288.5176       287.7332    
 2129   287.7081       288.1379       288.8707       289.8367       290.4786       291.1929       291.4071       291.2564       290.5960       289.8430       288.8094       288.1343    
 2130   287.8514       288.2297       289.0370       289.7851       290.6813       291.1083       291.2970       291.0439       290.3177       289.3819       288.5201       287.5650    
 2131   287.2536       287.7396       288.4381       289.2827       290.1560       290.7885       291.0420       290.7612       290.1681       289.0912       288.1388       287.5047    
 2132   287.1696       287.4156       288.2827       289.2742       290.0391       290.6790       290.9600       290.7589       290.0594       289.1295       288.1897       287.4816    
 2133   287.2946       287.7883       288.7745       289.4394       290.1809       290.7549       291.0582       290.9831       290.3079       289.4830       288.5626       287.7846    
 2134   287.6873       287.9146       288.6589       289.6561       290.5277       291.0830       291.3826       291.2061       290.5578       289.7361       288.7953       287.9866    
 2135   287.7674       288.0819       288.8346       289.7374       290.4513       291.0685       291.2364       291.0143       290.3449       289.4814       288.4897       287.7737    
 2136   287.5956       287.7231       288.5198       289.4510       290.2046       290.6767       290.8873       290.6270       290.1006       289.0553       288.0690       287.4923    
 2137   287.1783       287.3463       288.2983       289.1892       289.9925       290.6229       290.8898       290.7830       290.0775       289.2766       288.1909       287.6003    
 2138   287.2206       287.8013       288.3818       289.3645       290.2576       290.8467       291.0863       290.9267       290.2347       289.4129       288.6584       287.8866    
 2139   287.6986       287.9453       288.6917       289.6694       290.3828       290.8875       291.0732       290.8261       290.1998       289.2823       288.2251       287.6653    
 2140   287.1437       287.6168       288.5454       289.4661       290.1818       290.7208       290.8757       290.6544       290.1233       289.3394       288.2449       287.4112    
 2141   287.3101       287.7488       288.5944       289.4058       290.2449       290.7670       291.0891       290.9625       290.3165       289.5360       288.6033       287.9284    
 2142   287.7465       287.9122       288.5961       289.6761       290.3842       291.1450       291.4143       291.0908       290.4647       289.4589       288.6002       287.8331    
 2143   287.5150       287.7010       288.5039       289.2918       290.1131       290.8123       290.9938       290.8724       290.1655       289.1588       288.2157       287.3704    
 2144   287.0894       287.4374       288.4173       289.1845       289.9780       290.4671       290.8003       290.6920       290.0901       289.0880       288.1483       287.4471    
 2145   287.2439       287.4434       288.2883       289.2898       290.1966       290.7866       291.2069       291.0507       290.4739       289.6545       288.5302       287.7399    
 2146   287.4344       287.6880       288.5703       289.6372       290.4553       291.0789       291.3354       291.0810       290.4028       289.6953       288.6328       287.8066    
 2147   287.5707       287.9451       288.5863       289.6018       290.4481       291.0430       291.2682       290.9885       290.3823       289.4332       288.5281       287.8369    
 2148   287.3919       287.6857       288.5692       289.5923       290.4048       290.9706       291.3348       291.2345       290.4753       289.5701       288.5634       287.9081    
 2149   287.6654       287.7914       288.5416       289.5194       290.3535       290.9529       291.2386       291.0692       290.5326       289.6016       288.5150       287.8149    
 2150   287.5505       287.9149       288.7108       289.5034       290.3402       290.8867       291.0920       290.9587       290.3230       289.3547       288.3236       287.6479    
 2151   287.2993       287.8334       288.6302       289.4281       290.1572       290.7731       290.9829       290.8855       290.3027       289.3003       288.2921       287.6747    
 2152   287.2798       287.8234       288.6031       289.4859       290.3299       290.8647       291.1082       290.9210       290.3500       289.5233       288.6174       287.9835    
 2153   287.6879       287.9316       288.6990       289.7009       290.4571       290.9749       291.2466       291.1405       290.5151       289.6010       288.5560       287.8125    
 2154   287.5353       287.6353       288.4269       289.3729       290.2567       290.8282       291.0257       290.8386       290.3311       289.3259       288.3976       287.6575    
 2155   287.3645       287.9203       288.6729       289.5147       290.2460       290.8023       291.1078       291.0429       290.4037       289.5560       288.6713       287.7884    
 2156   287.4847       287.9904       288.8937       289.8302       290.6001       291.1743       291.2925       291.2116       290.6845       289.7525       288.6935       287.9591    
 2157   287.9883       288.2903       289.0204       289.9947       290.7206       291.1977       291.3812       291.2753       290.5661       289.5924       288.5807       287.9213    
 2158   287.9175       287.8214       288.5067       289.4945       290.4301       290.8940       291.1226       290.9983       290.3406       289.4111       288.4786       287.6240    
 2159   287.4544       287.6519       288.5034       289.4637       290.3108       290.9118       291.0545       291.0038       290.4681       289.4977       288.4428       287.5490    
 2160   287.3864       287.7401       288.4696       289.5749       290.2348       291.0346       291.3195       291.0812       290.4859       289.6112       288.6814       287.9399    
 2161   287.6870       288.1248       288.9270       289.6361       290.4818       291.1254       291.2880       291.1899       290.5634       289.6689       288.6842       287.7815    
 2162   287.6836       287.9117       288.7726       289.6747       290.4785       290.9825       291.1585       290.9366       290.3409       289.4166       288.5080       287.8117    
 2163   287.5737       288.0355       288.6324       289.4431       290.3407       290.8907       291.1308       290.9920       290.4573       289.6759       288.7415       288.0731    
 2164   287.7239       287.9176       288.8273       289.6946       290.4105       291.0640       291.2849       291.2065       290.4323       289.6611       288.6142       287.9175    
 2165   287.7495       287.9452       288.7480       289.5417       290.3472       290.9412       291.2693       291.1113       290.3812       289.6115       288.6011       287.8901    
 2166   287.6566       288.0139       288.7051       289.6526       290.3863       290.8926       291.1562       290.9364       290.3177       289.5121       288.4789       287.7310    
 2167   287.5483       287.7009       288.4249       289.4305       290.3301       290.8594       291.0739       290.9578       290.3765       289.5274       288.5348       287.6894    
 2168   287.5675       287.8623       288.6920       289.6437       290.6559       291.2085       291.2645       291.1626       290.4782       289.7075       288.8354       288.1955    
 2169   287.6729       287.9449       288.9258       289.8518       290.5522       291.0335       291.3016       291.1595       290.5068       289.6942       288.6865       288.0448    
 2170   287.8635       288.0456       288.7413       289.6947       290.4008       290.8536       291.1221       290.9870       290.4192       289.4555       288.6970       287.8676    
 2171   287.8314       287.9951       288.8016       289.5472       290.3026       291.0892       291.2857       291.1462       290.4694       289.5913       288.7834       288.0143    
 2172   287.9083       288.0680       288.7350       289.7779       290.4114       290.9729       291.2306       291.0032       290.3911       289.4899       288.6097       287.9187    
 2173   287.6763       288.0483       288.8459       289.7037       290.4910       291.0527       291.3713       291.1086       290.5284       289.7721       288.5877       287.8716    
 2174   287.5086       288.0140       288.7132       289.7151       290.5406       291.0297       291.2806       291.1750       290.5350       289.7084       288.7482       287.9100    
 2175   287.8697       287.9315       288.7211       289.6699       290.5211       290.9834       291.1791       290.8458       290.1585       289.3490       288.1939       287.6044    
 2176   287.3705       287.3773       288.4823       289.5434       290.3780       290.7427       291.0167       290.8925       290.2508       289.3907       288.5695       287.9542    
 2177   287.5002       287.8446       288.6644       289.6557       290.6180       291.1773       291.4128       291.2772       290.7643       289.7154       288.7993       288.0905    
 2178   287.8781       288.2579       289.0339       289.7621       290.5341       291.1055       291.3281       291.0349       290.3243       289.3960       288.5587       287.6713    
 2179   287.6946       287.8595       288.6765       289.5178       290.2534       290.7932       291.0965       290.9506       290.3093       289.3841       288.3811       287.6006    
 2180   287.6263       287.9232       288.7245       289.5615       290.4121       290.9427       291.1171       291.0963       290.4445       289.6313       288.6505       287.9344    
 2181   287.8145       287.9464       288.6904       289.6123       290.4673       290.9100       291.0090       290.8888       290.1653       289.2982       288.3984       287.6928    
 2182   287.3227       287.4805       288.5652       289.5547       290.3469       290.8819       291.1462       291.0246       290.2749       289.4853       288.5775       287.8279    
 2183   287.6540       288.1349       288.7638       289.7022       290.5212       291.0597       291.3831       291.2432       290.3992       289.5525       288.5365       287.9920    
 2184   287.6946       287.8926       288.7004       289.6542       290.4368       291.0652       291.3563       291.1668       290.5135       289.6900       288.7119       287.9538    
 2185   287.7202       288.1311       288.8065       289.7719       290.5154       291.0972       291.2553       291.0536       290.4876       289.5559       288.5685       287.6801    
 2186   287.3051       287.9929       288.6215       289.6995       290.3216       290.8880       291.2328       290.9790       290.3481       289.4714       288.4846       287.7582    
 2187   287.6811       288.0016       288.6396       289.5244       290.3166       290.8372       291.1208       290.9333       290.4257       289.5937       288.6658       287.8225    
 2188   287.6665       287.8973       288.9590       289.7277       290.5831       291.0192       291.1982       290.9682       290.4165       289.7401       288.7179       287.8461    
 2189   287.5886       288.0891       288.8738       289.7612       290.5750       291.1801       291.5271       291.3123       290.6386       289.7056       288.6751       287.7466    
 2190   287.5307       287.9527       288.6360       289.5775       290.2922       290.9293       291.0483       290.8313       290.1785       289.2897       288.3528       287.5919    
 2191   287.4399       287.8467       288.4858       289.3892       290.1934       290.7536       291.0110       290.9013       290.2333       289.3685       288.5309       287.8307    
 2192   287.6768       287.8933       288.8703       289.8349       290.5424       290.9160       291.1485       290.9854       290.3256       289.5123       288.6819       287.9997    
 2193   287.6288       287.9732       288.7228       289.6413       290.3967       290.9944       291.3784       291.2271       290.5809       289.5625       288.7137       287.9990    
 2194   287.8392       288.2691       289.1169       290.0013       290.5917       291.2094       291.4766       291.2302       290.5886       289.6169       288.8197       287.8829    
 2195   287.7596       288.1223       288.9225       289.8124       290.5725       291.0442       291.2016       290.9363       290.3334       289.4802       288.3405       287.8143    
 2196   287.3575       287.7779       288.5895       289.5897       290.2808       290.8691       291.1485       290.8956       290.2056       289.2414       288.1327       287.5907    
 2197   287.2822       287.7450       288.5443       289.4229       290.2065       290.7042       290.9084       290.9036       290.2138       289.2295       288.3412       287.5687    
 2198   287.3877       287.7225       288.5595       289.3815       290.2964       290.9000       291.1489       290.9370       290.3103       289.5229       288.3386       287.6865    
 2199   287.4956       287.6937       288.4780       289.4914       290.3303       290.9833       291.1434       291.0202       290.4082       289.5825       288.6882       287.9528    
 2200   287.8768       288.1394       288.9181       289.8044       290.5428       290.9931       291.1801       291.0602       290.4124       289.4778       288.5288       287.7276    
 2201   287.4859       287.6594       288.5168       289.4030       290.1574       290.7910       291.0791       290.8525       290.3629       289.4695       288.4843       287.7205    
 2202   287.3240       287.7739       288.6161       289.5639       290.3108       290.9169       291.3353       291.2242       290.6094       289.5363       288.4661       287.9786    
 2203   287.7847       288.1095       288.8824       289.8345       290.5212       291.1081       291.2787       291.1046       290.5063       289.6132       288.6385       288.1155    
 2204   287.7731       288.0292       288.9171       289.7778       290.5130       291.0523       291.3507       291.0642       290.5262       289.5965       288.6013       287.9700    
 2205   287.7081       287.9147       288.7813       289.6915       290.4526       290.9812       291.2534       291.1833       290.6219       289.5597       288.4672       287.5272    
 2206   287.3366       287.8922       288.7181       289.6616       290.2873       290.9144       291.2235       291.2054       290.5073       289.6306       288.6922       287.9352    
 2207   287.6687       287.9048       288.6809       289.7256       290.3648       290.9158       291.2830       291.0756       290.6661       289.9329       288.9522       288.2459    
 2208   287.8793       288.3008       288.9345       289.8448       290.5833       291.2187       291.5370       291.3274       290.5177       289.7294       288.7415       288.1219    
 2209   287.9860       288.1622       288.8323       289.8095       290.6092       291.2419       291.3999       291.1642       290.4928       289.6925       288.6482       287.9795    
 2210   287.8935       288.1186       288.8664       289.7007       290.5927       291.1333       291.2969       291.1247       290.4345       289.5530       288.8425       287.9039    
 2211   287.6091       287.8483       288.4793       289.8006       290.4383       290.9082       291.3452       291.1637       290.4653       289.6214       288.6759       288.0026    
 2212   287.7493       288.1477       288.8607       289.9043       290.5990       291.0852       291.3735       291.1955       290.6270       289.5925       288.6335       287.9388    
 2213   287.4659       287.8009       288.7292       289.6090       290.4254       290.8560       291.2055       291.1499       290.5019       289.5951       288.5560       287.8281    
 2214   287.6492       287.7467       288.9112       289.6903       290.5080       291.1152       291.3709       291.2610       290.6679       289.8044       288.9526       288.0527    
 2215   287.9796       288.0429       288.8181       289.7677       290.5400       290.9927       291.3300       291.2313       290.5526       289.5656       288.7831       287.8210    
 2216   287.7367       287.9880       288.6600       289.5065       290.2137       290.8014       291.1890       291.0582       290.4587       289.6090       288.5346       287.7416    
 2217   287.6806       287.8685       288.6793       289.6083       290.3327       290.9804       291.3162       291.1160       290.5309       289.6494       288.8363       288.1051    
 2218   287.9915       288.3938       289.1363       290.0263       290.8894       291.5099       291.8263       291.6620       291.0169       290.1334       289.0801       288.3839    
 2219   287.9970       288.3567       289.0139       289.9356       290.7783       291.2736       291.4097       291.3043       290.6604       289.6349       288.7471       287.9570    
 2220   287.4218       287.6484       288.4551       289.4582       290.3141       290.8086       291.0893       290.8800       290.4139       289.5161       288.5258       287.6471    
 2221   287.3416       287.6427       288.4642       289.2641       290.1854       290.7186       291.1108       291.0747       290.3466       289.4514       288.4496       287.6021    
 2222   287.3648       287.7301       288.5208       289.5758       290.2672       290.9523       291.2359       291.1137       290.4256       289.4449       288.4222       287.6270    
 2223   287.5017       287.7730       288.6767       289.5010       290.3057       291.0190       291.2756       291.1068       290.4456       289.7259       288.8084       287.9884    
 2224   287.5800       288.1750       288.9789       289.7715       290.6625       291.3566       291.5419       291.4543       290.8458       289.9224       288.9005       288.3172    
 2225   288.0858       288.3080       289.0779       290.1951       290.9144       291.6188       291.8591       291.6377       290.8701       289.8978       288.9220       288.1716    
 2226   287.8049       288.0896       288.8181       289.7429       290.3466       290.9850       291.1466       291.0182       290.3657       289.4140       288.4391       287.8043    
 2227   287.5493       287.7627       288.4360       289.4746       290.3811       290.8190       291.2545       291.0364       290.4137       289.6199       288.4840       287.8960    
 2228   287.5402       288.0305       288.7655       289.6530       290.6734       291.0808       291.3655       291.1846       290.4642       289.4763       288.3943       287.5710    
 2229   287.4652       287.6911       288.6213       289.5315       290.4052       290.8358       291.1043       291.0291       290.4183       289.4839       288.5728       287.8192    
 2230   287.4908       287.8969       288.6543       289.5854       290.3969       291.1483       291.4647       291.2908       290.7044       289.9574       288.8121       288.1473    
 2231   287.7166       288.1336       288.8831       289.8485       290.7450       291.3521       291.6582       291.5343       290.9216       290.0761       289.0326       288.2864    
 2232   287.9590       288.1154       288.9356       289.9142       290.6570       291.1676       291.4145       291.2856       290.6678       289.7830       288.8177       287.9782    
 2233   287.5850       288.0108       288.7507       289.5988       290.3848       291.0240       291.3065       291.0373       290.6087       289.7713       288.6113       287.8652    
 2234   287.7265       288.1222       288.8698       289.7815       290.6322       291.2560       291.4611       291.1844       290.7318       289.9572       289.0830       288.1430    
 2235   287.9452       288.3394       289.1726       290.0370       290.7902       291.3372       291.6445       291.4171       290.8696       289.8909       288.8773       288.1131    
 2236   287.8470       288.0341       288.7176       289.6615       290.5498       291.0076       291.1955       290.9659       290.3571       289.2870       288.3693       287.7431    
 2237   287.4643       287.8351       288.6541       289.5568       290.3451       290.8778       291.3450       291.2130       290.4957       289.6895       288.5542       288.0939    
 2238   287.8629       288.2983       289.0141       289.8345       290.6749       291.2717       291.6341       291.5335       290.7777       289.9103       288.8836       288.3218    
 2239   287.7748       288.0728       288.8469       289.9295       290.7950       291.4109       291.6751       291.5728       290.8432       290.0734       289.0507       288.2502    
 2240   288.0692       288.4321       289.1214       290.0055       290.8372       291.3224       291.5446       291.2657       290.5307       289.5595       288.7061       287.9154    
 2241   287.5837       287.6761       288.3787       289.4221       290.1612       290.7768       291.1337       291.0012       290.3846       289.2831       288.3334       287.5771    
 2242   287.2306       287.7821       288.6284       289.5569       290.3524       290.9456       291.0999       291.0767       290.4497       289.6130       288.7226       287.9043    
 2243   287.5304       287.8763       288.6753       289.7444       290.6833       291.3220       291.5918       291.3432       290.7655       289.9121       288.9522       288.3134    
 2244   287.9444       288.3061       289.1500       290.0346       290.8517       291.4388       291.6659       291.5121       290.8398       289.9889       288.9409       288.3862    
 2245   287.9693       288.2565       289.0989       289.8282       290.7523       291.3903       291.5860       291.4486       290.6831       289.7160       288.7527       288.1223    
 2246   287.7076       288.1324       289.0113       289.7946       290.5588       291.1527       291.3665       291.1985       290.6404       289.6319       288.8470       288.0135    
 2247   287.8436       288.0339       288.9195       289.8205       290.5198       291.2076       291.3456       291.2253       290.7057       289.7263       288.7895       288.0613    
 2248   288.0216       288.1306       288.9144       289.9173       290.7641       291.2805       291.5197       291.3566       290.7984       289.9438       288.8955       288.3021    
 2249   287.9742       288.5394       289.1919       290.0647       290.7924       291.3589       291.5790       291.4883       290.8820       289.9460       289.0859       288.3167    
 2250   288.1638       288.3991       289.0867       289.9768       290.7563       291.3541       291.5467       291.3441       290.8194       289.8500       288.8940       288.1661    
 2251   287.8852       288.1035       288.8424       289.6978       290.5377       291.0427       291.3241       291.2652       290.5846       289.5494       288.5518       287.8319    
 2252   287.5813       287.7764       288.6396       289.5558       290.3580       290.8513       291.1014       291.1183       290.4490       289.4767       288.4388       287.6400    
 2253   287.6089       287.9122       288.7032       289.5895       290.4006       290.9003       291.2313       291.1171       290.5558       289.6552       288.5358       287.8248    
 2254   287.9846       288.4608       289.1929       290.0914       290.8525       291.4861       291.7769       291.5974       290.9288       290.1266       289.1859       288.5467    
 2255   288.3817       288.5853       289.5648       290.3164       290.9312       291.4818       291.6609       291.5413       290.8763       289.7794       288.7865       287.9190    
 2256   287.6390       287.8781       288.6433       289.7198       290.3950       290.8826       291.2172       291.0846       290.4624       289.4645       288.3356       287.3322    
 2257   287.2860       287.6267       288.3693       289.2531       290.1759       290.7892       291.1076       290.9262       290.3249       289.3535       288.3655       287.6030    
 2258   287.4460       287.7437       288.6146       289.4820       290.3658       290.9168       291.3195       291.1736       290.6698       289.7871       288.7257       287.9406    
 2259   287.7265       288.2632       289.0065       289.9823       290.7657       291.3028       291.5543       291.3517       290.6971       289.8545       288.9963       288.2351    
 2260   287.9480       288.1921       288.8339       289.7535       290.4974       291.0556       291.3213       291.2372       290.6567       289.6850       288.6124       287.8671    
 2261   287.8058       288.1250       288.9036       289.8813       290.6395       291.2031       291.5382       291.4760       290.8821       289.9018       288.9407       288.2120    
 2262   288.0437       288.1609       288.9598       289.6665       290.5235       291.1028       291.3285       291.2744       290.5915       289.5725       288.6559       287.8821    
 2263   287.8265       287.9945       288.7952       289.7118       290.5053       291.1366       291.5323       291.3817       290.7250       289.8647       288.8950       288.1722    
 2264   287.7822       288.0735       289.1189       289.9702       290.7067       291.2692       291.4237       291.4450       290.8015       289.9224       288.9801       288.3483    
 2265   288.0439       288.2349       288.9964       289.9828       290.7135       291.2422       291.6300       291.4741       290.8904       289.8959       289.1721       288.5344    
 2266   288.4796       288.4670       289.1277       290.1834       290.9219       291.4597       291.7033       291.4668       290.6447       289.7469       288.8808       288.0927    
 2267   287.7569       288.0133       288.7000       289.8124       290.4297       291.0218       291.2664       291.0993       290.4143       289.6254       288.4713       287.7806    
 2268   287.3743       287.8475       288.5425       289.5963       290.4983       290.9179       291.2013       291.0876       290.4560       289.6121       288.5824       287.8136    
 2269   287.6017       287.8867       288.8968       289.6529       290.5663       291.1999       291.4893       291.3190       290.7885       289.8324       288.9054       288.1990    
 2270   287.8764       288.1569       288.9409       289.9559       290.7108       291.2457       291.4736       291.3374       290.8032       289.8859       288.9303       287.8873    
 2271   287.6600       287.9215       288.8621       289.7725       290.5457       291.1280       291.5661       291.2908       290.6120       289.7127       288.6220       287.9235    
 2272   287.8328       288.0376       288.8278       289.7141       290.5223       290.9610       291.3173       291.1974       290.5467       289.6846       288.6896       287.8485    
 2273   287.5323       288.1376       288.9089       289.8508       290.5425       291.0474       291.3812       291.2744       290.6541       289.7572       289.0023       288.0515    
 2274   288.0680       288.3363       289.0888       289.9994       290.8065       291.4541       291.6313       291.4676       290.7902       289.9176       288.8976       288.1725    
 2275   288.0651       288.4072       289.1360       290.1134       290.7678       291.3493       291.5551       291.3865       290.8256       289.8080       288.9921       287.9335    
 2276   287.8282       288.1165       288.9809       289.9166       290.5794       291.0660       291.4077       291.2553       290.6179       289.6927       288.8889       288.3308    
 2277   288.0400       288.1516       289.0565       289.9203       290.7723       291.3747       291.6427       291.4012       290.7384       289.8800       288.9474       288.1751    
 2278   287.7086       287.9923       288.8425       289.8165       290.5381       291.0961       291.3865       291.2178       290.5566       289.7103       288.6627       287.9568    
 2279   287.7683       288.0862       288.9500       289.8680       290.4713       291.1126       291.4047       291.1839       290.6360       289.6329       288.6263       287.9282    
 2280   287.5628       287.9038       288.8427       289.7791       290.6866       291.2282       291.3271       291.2817       290.5481       289.6409       288.7166       287.9917    
 2281   287.7842       288.1776       288.9843       289.8106       290.4650       291.0533       291.3353       291.1153       290.6160       289.7096       288.6728       288.0196    
 2282   287.7443       288.1632       288.9480       289.7528       290.4896       291.0737       291.3426       291.3898       290.8483       290.0548       288.9483       288.3292    
 2283   288.2091       288.3546       289.1995       290.1938       291.1065       291.6315       291.8303       291.6688       290.9258       289.9977       288.8949       287.9601    
 2284   287.7425       288.0105       288.6884       289.7306       290.4760       291.0943       291.4300       291.1661       290.6207       289.6785       288.6788       287.8109    
 2285   287.4276       287.7488       288.7556       289.5504       290.4504       291.0056       291.2876       291.0953       290.5017       289.6037       288.5596       287.7051    
 2286   287.5945       287.7489       288.6945       289.6340       290.5595       291.2201       291.5002       291.3983       290.7539       289.8784       288.7886       288.2357    
 2287   288.0314       288.1548       288.9535       289.7860       290.6896       291.2263       291.4286       291.2620       290.4989       289.5847       288.6902       287.9428    
 2288   287.6907       288.1100       288.8770       289.8027       290.4754       291.0712       291.2787       291.1792       290.5358       289.6925       288.5662       287.9234    
 2289   287.8219       288.0050       288.7486       289.8361       290.5047       291.1129       291.3768       291.1567       290.5136       289.6362       288.6960       288.2120    
 2290   287.9083       288.0962       289.0271       289.8918       290.7928       291.3589       291.6888       291.5282       290.9463       290.0512       289.1118       288.1613    
 2291   287.9638       288.4209       289.4232       290.1484       290.9350       291.3871       291.6117       291.4770       290.7897       289.8418       288.8031       288.0792    
 2292   287.8948       288.2265       288.9407       289.7726       290.5780       291.1084       291.3854       291.1716       290.5426       289.7850       288.9736       288.2919    
 2293   287.7590       288.2612       288.8962       289.9451       290.7690       291.2310       291.4900       291.2987       290.7870       289.9401       288.8912       288.2930    
 2294   288.0557       288.4751       289.2021       290.1558       290.9042       291.4584       291.5985       291.5050       290.8014       289.8956       289.0013       288.0969    
 2295   287.7379       288.1054       288.9197       289.8570       290.5724       291.0836       291.3551       291.1401       290.4745       289.5590       288.4918       287.7429    
 2296   287.4379       287.8075       288.6001       289.5541       290.4026       290.9928       291.3335       291.1532       290.4284       289.5291       288.7390       287.9295    
 2297   287.6685       287.9786       288.9177       289.8181       290.6309       291.2415       291.5851       291.3278       290.7893       289.9032       288.8449       287.9643    
 2298   287.8113       288.1971       288.8994       289.9160       290.7674       291.2781       291.6465       291.4795       290.9007       289.9528       289.0946       288.3597    
 2299   288.2536       288.4141       289.0820       290.0267       290.8866       291.4009       291.7814       291.5836       290.9408       290.1078       289.1527       288.4558    
 2300   288.3371       288.5676       289.4449       290.3220       291.0172       291.5915       291.8411       291.4599       290.8183       289.8745       288.8399       288.2037    
