# tas [K] from CNRM-CM5 model output prepared for CMIP5 RCP4.5 r1i1p1
# cutting out region lon=   -0.703  359.297, lat=  -89.622   89.622
 1850   284.3980       284.7378       285.4817       286.2281       287.1179       288.0688       288.7039       288.4807       287.5611       286.2675       285.0392       284.7655    
 1851   284.3741       284.6927       285.2679       286.1459       287.1348       288.0505       288.5789       288.5140       287.7018       286.3181       285.2339       284.5807    
 1852   284.2255       284.7865       285.4697       286.2548       287.0570       288.0484       288.5503       288.5547       287.5374       286.4331       285.3564       284.6239    
 1853   284.6680       285.2097       285.5469       286.3841       287.2973       288.2509       288.7295       288.5321       287.7295       286.5166       285.4068       284.6677    
 1854   284.5830       284.6050       285.3466       286.0075       287.0491       287.9493       288.5041       288.2727       287.5573       286.1649       285.0061       284.3598    
 1855   284.3301       284.5179       285.1698       286.0215       287.0423       288.0243       288.6119       288.4847       287.5213       286.5440       285.4045       284.8172    
 1856   284.5577       284.8649       285.3598       286.3959       287.3196       288.1683       288.8121       288.4768       287.7292       286.4096       285.2681       284.5155    
 1857   284.4144       284.7047       285.4259       286.1335       287.0381       288.0854       288.5715       288.3735       287.5449       286.3785       285.3329       284.4684    
 1858   284.5358       284.6508       285.3650       286.1290       287.0743       288.1320       288.7061       288.4644       287.6040       286.4331       285.1927       284.5663    
 1859   284.4912       284.7766       285.2286       286.3669       287.2862       288.1828       288.6456       288.5862       287.5276       286.1544       285.2587       284.7224    
 1860   284.6260       284.7845       285.3551       286.3102       287.3094       288.2821       288.8204       288.6116       287.5485       286.2904       285.3819       284.4929    
 1861   284.5318       285.0599       285.4275       286.1826       287.2487       288.2339       288.8878       288.5587       287.6468       286.3924       285.3041       284.7549    
 1862   284.5129       284.9101       285.2347       286.1765       287.0554       288.1738       288.7340       288.5415       287.4657       286.3361       285.3028       284.6357    
 1863   284.4198       284.8579       285.5815       286.3519       287.2477       288.0938       288.6096       288.3791       287.4373       286.2782       285.1669       284.3264    
 1864   284.2776       284.7483       285.2661       286.2554       287.2143       288.1833       288.5988       288.3171       287.5284       286.4228       285.3487       284.7326    
 1865   284.6263       285.1230       285.5800       286.4701       287.2981       288.4677       288.8807       288.6612       287.6866       286.5046       285.5049       284.5448    
 1866   284.5547       284.8794       285.4258       286.3473       287.2838       288.1765       288.7075       288.6040       287.7370       286.5396       285.2758       284.7985    
 1867   284.5151       284.8780       285.3359       286.2166       287.1891       287.9670       288.6702       288.5206       287.5354       286.3828       285.2445       284.4134    
 1868   284.4377       284.9074       285.2205       286.1317       287.1407       288.0834       288.7267       288.5107       287.6354       286.2520       285.1925       284.5676    
 1869   284.7428       284.9109       285.3514       286.2866       287.3601       288.2023       288.9306       288.5483       287.5814       286.3187       285.1361       284.5161    
 1870   284.1635       284.8445       285.5053       286.1131       287.0424       287.9731       288.6137       288.4764       287.4891       286.2966       285.1187       284.6338    
 1871   284.3620       284.7127       285.2891       286.1442       287.1207       288.0776       288.6665       288.3798       287.3762       286.2573       285.1464       284.6025    
 1872   284.4734       284.8275       285.4112       286.3725       287.3118       288.2462       288.7030       288.5590       287.5299       286.3482       285.3429       284.7236    
 1873   284.2974       284.7265       285.3988       286.3226       287.0862       288.1265       288.6056       288.3924       287.5825       286.4595       285.3413       284.6729    
 1874   284.7036       285.0580       285.5144       286.3499       287.2668       288.1834       288.7791       288.5941       287.6312       286.3614       285.2209       284.6459    
 1875   284.6158       285.0620       285.7363       286.3193       287.1864       288.1910       288.7735       288.5157       287.7710       286.4594       285.2685       284.4611    
 1876   284.5474       284.7096       285.1449       286.1228       287.1673       288.1601       288.6829       288.4726       287.5412       286.3867       285.3775       284.6720    
 1877   284.6494       284.7460       285.3461       286.2539       287.2130       288.1766       288.7373       288.5219       287.6293       286.4702       285.3547       284.6503    
 1878   284.5698       284.9300       285.5283       286.4098       287.3063       288.2792       288.8653       288.6455       287.7639       286.5078       285.4663       284.6021    
 1879   284.3658       284.9636       285.4507       286.1770       287.1274       288.0768       288.6137       288.5269       287.6601       286.4189       285.5139       284.7944    
 1880   284.5542       285.0269       285.6249       286.3982       287.3226       288.2919       288.8200       288.6642       287.6845       286.5652       285.3818       284.7782    
 1881   284.6484       284.8812       285.4379       286.3942       287.1713       288.1816       288.7542       288.5678       287.6162       286.5251       285.4152       284.8085    
 1882   284.9437       285.2187       285.9131       286.5898       287.4839       288.4322       288.9231       288.8653       287.7684       286.4925       285.3680       284.8260    
 1883   284.5566       284.7308       285.3304       286.1405       287.1552       288.1769       288.8099       288.4817       287.5739       286.3741       285.0432       284.1710    
 1884   284.0219       284.2345       284.8280       285.6179       286.5211       287.4494       288.0602       287.9352       287.1084       285.8200       284.6823       284.0668    
 1885   283.9315       284.3039       285.1212       286.0086       286.7638       287.7874       288.3474       288.1707       287.2487       285.9068       284.7870       284.1682    
 1886   284.1083       284.3758       284.9901       285.8642       286.9194       287.7525       288.3716       288.2574       287.3995       286.0748       284.9872       284.5331    
 1887   284.2599       284.7284       285.4070       286.2790       287.2535       288.0937       288.6788       288.4822       287.6024       286.3372       285.1450       284.5326    
 1888   284.5850       284.6367       285.4055       286.3978       287.2679       288.2877       288.7563       288.5701       287.6253       286.3683       285.4418       284.7923    
 1889   284.8092       285.0151       285.6466       286.4681       287.2167       288.0699       288.7786       288.6409       287.6027       286.3780       285.1465       284.3579    
 1890   284.3886       284.8809       285.4971       286.1538       287.1175       288.0237       288.5981       288.4370       287.6009       286.3570       285.1606       284.3441    
 1891   284.2997       284.7822       285.4380       286.1219       287.0838       288.0590       288.5696       288.2944       287.5987       286.1316       285.0927       284.4875    
 1892   284.5021       284.7529       285.3148       286.1891       287.3081       288.2937       288.7159       288.6118       287.7663       286.6206       285.4339       284.6929    
 1893   284.7487       285.0777       285.8093       286.5706       287.3694       288.3697       288.8850       288.7325       287.8998       286.6040       285.5081       284.9276    
 1894   284.6506       285.0965       285.4738       286.4382       287.2804       288.1148       288.5829       288.5002       287.6732       286.4980       285.3409       284.7982    
 1895   284.4759       284.9820       285.3348       286.2392       287.3030       288.2550       288.7354       288.6377       287.8209       286.6672       285.6884       284.7108    
 1896   284.6964       285.1800       285.6259       286.4766       287.4218       288.3519       288.9286       288.7306       287.9138       286.6844       285.6298       284.9593    
 1897   284.8159       284.9433       285.6805       286.5771       287.5349       288.2695       288.8497       288.7390       288.0541       286.8035       285.5848       284.8443    
 1898   284.8356       284.8466       285.5782       286.3592       287.3763       288.3055       288.9720       288.8704       288.0030       286.7701       285.4602       285.1431    
 1899   284.9706       285.2566       285.9915       286.6901       287.5797       288.4238       288.9915       288.8791       287.9110       286.6866       285.5708       284.8834    
 1900   284.7460       285.1883       285.7873       286.7197       287.7179       288.3889       288.9010       288.8529       288.0359       286.8339       285.6390       284.9012    
 1901   284.9582       285.0261       285.8634       286.6031       287.4642       288.5273       289.0498       288.9001       288.0138       286.6805       285.7048       285.0639    
 1902   284.7242       285.2398       285.7485       286.6293       287.5562       288.4639       289.1379       289.0805       288.1255       286.8699       285.7693       284.9377    
 1903   284.7561       285.0427       285.5896       286.3492       287.2349       288.2687       288.7037       288.6035       287.6279       286.2810       285.3428       284.8276    
 1904   284.7435       285.1188       285.5836       286.3472       287.1750       288.0565       288.8346       288.6507       287.6636       286.3499       285.2344       284.7516    
 1905   284.6767       284.9299       285.4453       286.3453       287.3058       288.1712       288.6805       288.6196       287.6119       286.4030       285.2974       284.7966    
 1906   284.6046       284.8192       285.5100       286.3391       287.2940       288.1457       288.7681       288.4904       287.5513       286.2842       285.3152       284.8011    
 1907   284.5631       285.1447       285.5445       286.4197       287.3674       288.2075       288.7131       288.4728       287.6907       286.4119       285.4436       284.9192    
 1908   284.8900       285.3175       285.7072       286.6962       287.5979       288.6550       289.0292       288.6473       287.6976       286.6003       285.5137       284.8506    
 1909   284.6145       284.8177       285.5007       286.3096       287.1942       288.2473       288.7358       288.5628       287.7554       286.5453       285.5120       284.8529    
 1910   284.7405       285.1720       285.8322       286.5852       287.4988       288.4427       289.0323       288.8438       287.8546       286.4871       285.4149       284.5745    
 1911   284.5611       285.0363       285.7056       286.2982       287.3965       288.2938       288.8332       288.7116       287.8653       286.5876       285.6432       284.8803    
 1912   284.7802       285.1207       285.8800       286.3646       287.3780       288.1346       288.7024       288.3372       287.5630       286.2131       284.9853       284.4718    
 1913   283.9785       284.6070       285.1071       286.0251       287.0872       288.0287       288.5805       288.3311       287.4850       286.3797       285.1629       284.5281    
 1914   284.2579       284.8064       285.3112       286.2560       287.1812       288.0109       288.6743       288.4007       287.6334       286.3138       285.3676       284.4614    
 1915   284.4427       284.8372       285.4815       286.5014       287.3834       288.2686       288.7018       288.5827       287.6682       286.3339       285.1765       284.6665    
 1916   284.3526       284.8558       285.4920       286.3524       287.3364       288.2863       288.7940       288.5306       287.7573       286.5016       285.4353       284.6641    
 1917   284.7470       285.1900       285.6684       286.5239       287.3973       288.2429       288.8416       288.5817       287.5089       286.4118       285.1410       284.6576    
 1918   284.3546       284.6260       285.2673       286.1125       287.0706       288.1216       288.6241       288.4907       287.6133       286.4258       285.2608       284.5569    
 1919   284.2272       284.5332       285.1475       286.2560       287.1519       288.1743       288.7000       288.5885       287.6449       286.4908       285.3915       284.7415    
 1920   284.7776       284.9523       285.4847       286.4594       287.4645       288.4837       289.0872       288.8015       287.7764       286.4285       285.2591       284.7507    
 1921   284.5135       284.8252       285.4752       286.3339       287.3672       288.2678       288.9200       288.4969       287.6422       286.2935       285.2926       284.7592    
 1922   284.9342       285.2874       285.8531       286.5259       287.4428       288.4795       288.9630       288.7739       287.8347       286.5548       285.2998       284.6361    
 1923   284.4390       285.0637       285.5999       286.1893       287.1407       288.0540       288.6088       288.4976       287.7099       286.5359       285.4155       284.7380    
 1924   284.6069       284.8611       285.5551       286.4613       287.5017       288.4247       288.7921       288.6330       287.8612       286.4607       285.3423       284.8346    
 1925   284.8986       284.8620       285.5027       286.4205       287.3441       288.2550       288.8416       288.5760       287.7175       286.4077       285.4061       284.7581    
 1926   284.7742       284.9441       285.8434       286.5544       287.4843       288.3888       288.9166       288.5967       287.6280       286.5105       285.3970       284.8483    
 1927   284.6180       284.9526       285.5469       286.4333       287.3935       288.2495       288.9290       288.6819       288.0009       286.7112       285.4314       284.6453    
 1928   284.7184       285.0323       285.6223       286.3947       287.4142       288.4012       288.9273       288.6270       287.6388       286.4956       285.4227       284.7666    
 1929   284.5175       284.6674       285.5206       286.3050       287.1696       288.0546       288.7734       288.4997       287.6025       286.3498       285.5051       284.7435    
 1930   284.8013       285.0547       285.6005       286.4487       287.2863       288.3296       288.7184       288.5939       287.6634       286.4547       285.3003       284.6899    
 1931   284.5792       284.8310       285.5649       286.2892       287.2225       288.0963       288.8058       288.6441       287.6146       286.5315       285.4718       284.6671    
 1932   284.5884       284.7589       285.4950       286.4018       287.2183       288.0817       288.6531       288.5617       287.6720       286.3674       285.1486       284.5400    
 1933   284.7627       285.0754       285.5826       286.4035       287.2583       288.1377       288.6930       288.3954       287.5509       286.4225       285.2962       284.7537    
 1934   284.7157       284.9473       285.4976       286.4389       287.4050       288.2943       288.8858       288.6993       287.8178       286.5790       285.4308       284.7064    
 1935   284.8451       284.8786       285.3863       286.2800       287.2433       288.1016       288.8471       288.6373       287.7491       286.5537       285.5706       284.8990    
 1936   284.8654       285.1577       285.8152       286.6674       287.6508       288.7373       289.1824       288.9048       287.9282       286.7922       285.7239       284.8737    
 1937   284.6983       284.9564       285.7972       286.5793       287.4980       288.3967       288.9941       288.8235       287.8897       286.4993       285.3885       284.6548    
 1938   284.4746       284.9463       285.6317       286.2675       287.4395       288.4002       288.9850       288.6218       287.8539       286.6268       285.6223       284.7704    
 1939   284.7722       284.9145       285.5603       286.6949       287.4991       288.4365       288.9814       288.8137       287.7714       286.7817       285.5800       284.8784    
 1940   284.6787       284.8134       285.5895       286.3817       287.6022       288.4449       289.0588       288.7745       287.8532       286.5980       285.5323       284.8282    
 1941   284.8452       285.1442       285.7069       286.5670       287.5175       288.5001       288.9041       288.8080       287.9910       286.7637       285.6120       285.0040    
 1942   284.9671       285.4322       285.8976       286.7569       287.5337       288.4851       289.0039       288.8881       287.8734       286.7143       285.3667       284.9465    
 1943   284.7607       285.1373       285.5834       286.3891       287.3228       288.2389       288.9481       288.7958       287.8445       286.6781       285.5222       284.9734    
 1944   284.8201       285.2016       285.7207       286.5266       287.6174       288.5396       289.2929       289.0596       288.0762       286.8585       285.7356       284.9035    
 1945   284.7787       285.1008       285.5958       286.3528       287.3509       288.4065       288.7713       288.6360       287.7743       286.6466       285.5782       284.9742    
 1946   284.6057       284.8559       285.5127       286.4259       287.4498       288.4251       289.1279       288.8899       287.9025       286.8166       285.8238       285.0601    
 1947   284.8824       285.1785       285.8486       286.5966       287.5884       288.5534       289.2197       288.9941       288.0033       286.7518       285.3642       284.8672    
 1948   284.5762       284.9022       285.5771       286.4139       287.4060       288.4691       288.9675       288.9475       288.0432       286.7133       285.7350       285.1090    
 1949   284.9214       285.2288       285.7212       286.6187       287.6999       288.6403       289.0971       288.9178       288.0266       286.6858       285.7282       284.9447    
 1950   284.8181       285.0958       285.7616       286.5124       287.4869       288.3437       288.9842       288.7916       288.0756       286.7856       285.6432       285.0922    
 1951   285.0234       285.1865       285.8137       286.6073       287.6222       288.5658       289.1274       288.8070       287.9723       286.7290       285.4715       284.7453    
 1952   284.7678       284.9082       285.5817       286.4028       287.3359       288.3701       289.0017       288.8856       287.8887       286.7216       285.6432       284.9099    
 1953   284.6800       285.2173       285.6089       286.4243       287.4385       288.3812       288.8796       288.6250       287.8875       286.4576       285.7253       284.8362    
 1954   284.6228       284.9262       285.8284       286.6812       287.4280       288.3895       289.0302       288.7977       287.8171       286.7001       285.5457       284.7423    
 1955   284.7584       285.1084       285.6625       286.4235       287.5185       288.5101       289.0645       288.8174       287.8204       286.6849       285.5162       284.9467    
 1956   284.7896       285.2076       285.6356       286.5396       287.5628       288.4642       289.1146       288.9806       287.9645       286.9254       285.9525       285.3615    
 1957   285.1898       285.4116       286.1053       286.7366       287.6343       288.8068       289.2853       289.0613       288.0587       286.7949       285.6553       285.0050    
 1958   284.7866       285.0731       285.6790       286.5762       287.5433       288.6237       289.1037       288.8447       287.8798       286.6360       285.4577       284.9305    
 1959   284.5786       284.9766       285.7388       286.4178       287.4307       288.3816       288.9806       288.8620       287.9810       286.7482       285.5289       284.9299    
 1960   284.9455       285.0898       285.7982       286.5431       287.6345       288.6655       289.2496       289.0201       288.1113       286.7499       285.5132       284.7610    
 1961   284.8534       285.0188       285.7390       286.5551       287.6768       288.5996       289.0837       288.8771       287.8857       286.7375       285.6722       284.8437    
 1962   284.8170       284.9059       285.6084       286.5222       287.4226       288.3618       288.8655       288.6892       288.0284       286.7436       285.6092       285.0538    
 1963   285.1321       285.3594       285.7300       286.5551       287.4913       288.3921       288.8166       288.6993       287.8612       286.5283       285.3708       284.6982    
 1964   284.2852       284.5491       285.2875       286.0386       287.1373       288.0541       288.6606       288.5286       287.6398       286.4080       285.2646       284.7852    
 1965   284.4590       284.9019       285.2529       286.3141       287.1568       288.1214       288.7387       288.6335       287.7448       286.6256       285.5340       284.7501    
 1966   284.7841       284.9763       285.6505       286.6233       287.5341       288.4648       289.0526       288.8757       287.8983       286.6568       285.5246       284.7000    
 1967   284.5458       284.8309       285.5262       286.4561       287.3591       288.4516       288.9265       288.8571       287.8583       286.7394       285.4214       284.9418    
 1968   284.8784       285.0607       285.8276       286.6179       287.4718       288.4924       289.0712       288.9780       287.9505       286.6284       285.3822       284.9402    
 1969   284.6778       285.0434       285.6300       286.4258       287.5605       288.4478       289.0114       288.7151       287.8232       286.5290       285.2936       284.9183    
 1970   284.6364       285.1096       285.4756       286.3562       287.3143       288.4157       289.1283       288.8508       287.9657       286.6686       285.4861       284.8159    
 1971   284.9318       285.1977       285.7260       286.7954       287.7340       288.6133       289.1196       288.9193       288.1188       286.8609       285.7542       285.1107    
 1972   284.9329       285.0672       285.6901       286.5415       287.5177       288.4417       289.0304       288.8671       287.8943       286.7970       285.5403       284.8428    
 1973   284.6788       284.9484       285.5560       286.3691       287.3960       288.3984       288.8709       288.7535       287.8804       286.6088       285.5061       284.6757    
 1974   285.0075       285.2473       285.6787       286.4834       287.5669       288.4928       289.0800       288.8168       287.9667       286.5618       285.3711       284.7939    
 1975   284.6241       284.8867       285.4201       286.2821       287.3148       288.1803       288.8959       288.7030       287.7547       286.5626       285.5042       284.7349    
 1976   284.4515       284.7641       285.3965       286.3824       287.2813       288.3651       289.0338       288.6250       287.6963       286.5071       285.4132       284.8530    
 1977   284.4205       284.9997       285.7060       286.5835       287.5459       288.4380       288.8791       288.5783       287.7487       286.4891       285.3384       284.9698    
 1978   284.5929       284.9672       285.5150       286.2784       287.3422       288.3540       288.8839       288.6299       287.9040       286.5959       285.5536       284.7913    
 1979   284.6878       285.0790       285.6613       286.5710       287.5994       288.5073       289.1043       288.8214       287.9538       286.7760       285.6832       285.1109    
 1980   284.9410       285.0964       285.7333       286.6075       287.7125       288.5370       289.1471       288.8920       287.9363       286.6649       285.6005       284.7904    
 1981   284.6428       285.3272       285.9716       286.6956       287.5960       288.5266       289.2194       289.1968       288.1478       286.8111       285.7784       285.1787    
 1982   285.1731       285.3506       285.7750       286.7162       287.7027       288.7004       289.1913       288.9857       287.9993       286.5252       285.6317       284.6862    
 1983   284.8530       284.6958       285.5736       286.4715       287.3434       288.2998       288.8329       288.6752       287.7938       286.5519       285.5165       284.6767    
 1984   284.5786       285.0863       285.5883       286.4196       287.5074       288.5183       289.0681       288.9053       287.8808       286.7061       285.6779       285.0437    
 1985   284.5651       284.8973       285.6747       286.5451       287.4221       288.5313       289.0631       288.9740       287.9862       286.7762       285.6944       284.8618    
 1986   284.8786       285.4993       285.7375       286.6533       287.6353       288.7115       289.2808       289.1794       288.2335       287.0033       285.9063       285.0197    
 1987   284.8566       285.1658       285.7064       286.7589       287.6236       288.5685       289.1189       288.8941       288.1559       286.9384       285.8678       285.1790    
 1988   284.7879       285.3126       286.0707       286.7325       287.8030       288.6786       289.2148       288.8644       288.1938       286.8376       285.7260       285.0627    
 1989   284.6933       285.2219       285.8791       286.7382       287.6265       288.6160       289.0319       288.9651       287.9789       286.9400       285.9433       285.2605    
 1990   285.3324       285.4689       286.0660       286.9299       287.8746       288.8531       289.5263       289.1548       288.2039       287.0430       286.1000       285.3550    
 1991   285.2516       285.5568       286.2034       286.8633       287.7676       288.7993       289.4229       289.1886       288.0643       286.9837       285.7605       285.0532    
 1992   284.7756       284.8500       285.4704       286.3717       287.4190       288.2763       288.8239       288.6388       287.7778       286.5659       285.6562       285.1136    
 1993   284.8535       285.0833       285.6428       286.6228       287.5787       288.5027       289.1192       288.9187       288.1507       287.0176       285.8776       285.2780    
 1994   285.1201       285.6108       286.1705       287.0874       287.8223       288.8632       289.2835       289.1476       288.1830       287.0054       285.9614       285.1153    
 1995   284.9496       285.2745       285.9104       286.6225       287.6154       288.5693       289.1707       289.0649       288.1740       287.0447       285.9608       285.2173    
 1996   285.2323       285.4234       285.8633       286.7059       287.7241       288.6441       289.2227       288.9802       288.1241       286.9691       285.7351       285.1884    
 1997   285.0539       285.6796       285.9596       286.8027       288.0456       288.8795       289.4833       289.2650       288.3846       287.1810       286.1237       285.4794    
 1998   285.5382       285.5800       286.1328       286.9266       287.8840       288.6947       289.3586       289.0540       288.1523       287.1536       285.9811       285.3435    
 1999   284.9586       285.3965       285.9122       286.8337       287.7306       288.8370       289.2309       289.2325       288.4922       287.2064       285.9905       285.3518    
 2000   285.3017       285.4802       286.3720       287.0728       288.0797       289.0026       289.4962       289.2195       288.4431       287.1950       285.9281       285.6317    
 2001   285.2864       285.3938       286.1317       286.8624       287.9125       288.7712       289.4734       289.2853       288.4985       287.0905       286.1290       285.5764    
 2002   285.5064       285.7202       286.2902       287.0423       287.9368       288.9547       289.4391       289.3227       288.4170       287.3572       286.4285       285.4798    
 2003   285.1949       285.4847       286.4908       287.2209       288.0914       289.1093       289.6915       289.5316       288.6706       287.3312       286.2877       285.4572    
 2004   285.4841       285.9081       286.3527       287.3109       288.0887       289.1294       289.7639       289.4147       288.5301       287.3646       286.2127       285.7192    
 2005   285.5482       285.9240       286.3393       287.2219       288.1629       289.1313       289.6872       289.5102       288.6582       287.5221       286.4601       285.7249    
 2006   285.5894       285.8854       286.3765       287.1333       288.1755       288.9772       289.5677       289.5859       288.4572       287.4244       286.3876       285.6740    
 2007   285.3285       285.7968       286.1971       287.0065       287.8496       288.8890       289.4953       289.3238       288.4606       287.4521       286.3026       285.5356    
 2008   285.4588       285.8089       286.4484       287.2880       288.3792       289.4207       289.8688       289.7294       288.5410       287.6178       286.5337       285.6231    
 2009   285.6723       285.7244       286.4116       287.2394       288.1972       289.0984       289.6071       289.5323       288.6164       287.4709       286.4218       285.7456    
 2010   285.4878       285.6845       286.2470       287.0368       288.0124       288.9057       289.4839       289.5026       288.7427       287.4835       286.5176       285.7517    
 2011   285.5971       285.7680       286.4208       287.2440       288.1190       289.0581       289.7407       289.4317       288.6278       287.4941       286.3908       285.7010    
 2012   285.6232       285.7675       286.2136       286.9204       288.1554       289.0729       289.6471       289.5047       288.6234       287.5102       286.5411       285.6951    
 2013   285.5943       285.8170       286.3864       287.2606       288.1073       288.9329       289.6879       289.6096       288.6180       287.6238       286.6097       285.9993    
 2014   285.7493       285.8081       286.6089       287.1899       288.2834       289.2570       289.7329       289.6998       288.7429       287.6248       286.5604       286.0011    
 2015   285.5749       285.5518       286.4088       287.2751       288.1312       289.1234       289.7089       289.5535       288.6106       287.3630       286.2846       285.6177    
 2016   285.4824       286.0221       286.5567       287.3808       288.2063       289.2591       289.8301       289.6553       288.6932       287.5728       286.5788       285.8144    
 2017   285.9293       286.0915       286.5741       287.3100       288.2751       289.3634       289.8575       289.6295       288.7248       287.6560       286.6451       285.8388    
 2018   285.6951       285.8067       286.1961       287.1248       288.0914       289.1464       289.7089       289.5681       288.7663       287.5531       286.4164       285.7383    
 2019   285.6865       285.8632       286.4696       287.2145       288.1664       289.2406       289.8835       289.5857       288.7172       287.5189       286.4399       285.8259    
 2020   285.6930       285.8209       286.2761       287.2990       288.2354       289.0940       289.5938       289.5842       288.7325       287.5435       286.4211       285.4611    
 2021   285.4582       285.9264       286.5135       287.3696       288.2080       289.1562       289.6930       289.5658       288.6401       287.6330       286.4436       285.7061    
 2022   285.7180       285.9992       286.4702       287.3163       288.1797       289.1618       289.7401       289.5505       288.6241       287.6211       286.5235       286.0123    
 2023   285.8011       286.0967       286.5140       287.4201       288.2214       289.2100       289.7232       289.6607       288.8636       287.7329       286.5537       285.7789    
 2024   285.8231       286.0153       286.2693       287.3324       288.1422       289.2437       289.9805       289.7053       288.7824       287.6898       286.5901       285.8437    
 2025   285.8047       286.0863       286.4767       287.2113       288.3870       289.2915       289.7636       289.7258       288.9063       287.8979       286.7459       285.9829    
 2026   285.9905       285.9274       286.5072       287.2890       288.3509       289.3638       289.9700       289.8724       288.9402       287.8788       286.9191       286.1171    
 2027   286.1523       286.2598       286.8576       287.5663       288.5322       289.3813       289.9545       289.8022       288.9518       287.7392       286.6269       285.9048    
 2028   285.6417       286.0723       286.6321       287.3743       288.2045       289.2193       289.8588       289.6863       288.7671       287.5706       286.5447       285.7143    
 2029   285.9091       286.1082       286.8637       287.5567       288.4512       289.5116       290.0435       289.7664       288.9752       287.8719       286.7678       286.1823    
 2030   285.8143       286.0533       286.5763       287.4265       288.3297       289.3562       289.9916       289.7557       289.0524       287.8590       286.7074       286.0775    
 2031   286.0504       286.3985       286.9179       287.5712       288.3873       289.4044       289.9515       290.0640       289.0871       287.8185       286.8332       286.1182    
 2032   285.9737       286.1636       286.6328       287.5660       288.3909       289.4637       290.1316       289.8725       289.1283       287.9380       286.8828       286.2589    
 2033   286.0641       286.5043       286.9479       287.8386       288.4346       289.5049       290.1820       289.9095       288.9268       287.7563       286.7101       286.0460    
 2034   286.0081       286.0467       286.8070       287.5276       288.5031       289.3652       289.9659       289.9809       289.1809       287.9585       286.8150       286.2900    
 2035   286.1912       286.4377       287.1156       287.8246       288.7402       289.6486       290.2386       290.0307       289.1684       288.0937       286.9533       286.0518    
 2036   286.0336       286.1686       286.6592       287.5374       288.3909       289.3873       289.9820       289.9012       288.9947       287.9665       286.8304       286.2124    
 2037   286.2759       286.3966       286.8112       287.7051       288.4483       289.4194       289.9873       289.9680       289.0829       287.8820       286.8179       286.2141    
 2038   286.1146       286.2134       286.9963       287.8275       288.7170       289.5926       290.1360       290.0494       289.2559       288.1109       287.1337       286.4687    
 2039   286.2931       286.4128       287.1383       287.6843       288.6161       289.6427       290.2923       290.1757       289.3058       288.1146       287.0889       286.3920    
 2040   286.1085       286.4891       287.0117       287.7219       288.5980       289.6722       290.2563       290.0585       289.2294       288.2011       287.1305       286.3434    
 2041   286.0752       286.3378       286.9242       287.8739       288.8103       289.9000       290.5079       290.3795       289.2570       288.2054       287.2687       286.5398    
 2042   286.2654       286.3906       287.0240       287.7603       288.7822       289.7137       290.3689       290.1330       289.3669       288.0552       287.0802       286.4559    
 2043   286.2400       286.5724       286.8201       287.7807       288.6558       289.6529       290.3331       290.3031       289.3437       288.3256       287.0092       286.3701    
 2044   286.4091       286.5164       287.0452       287.9104       288.7117       289.6877       290.2500       290.0992       289.2132       287.9804       286.9537       286.4587    
 2045   286.1879       286.3862       286.9708       287.7539       288.6769       289.6758       290.2257       290.0409       289.3522       288.1945       287.1097       286.4907    
 2046   286.2677       286.6270       287.1405       287.8730       288.8034       289.7621       290.3532       290.2357       289.4170       288.3779       287.2835       286.6288    
 2047   286.6010       286.7449       287.4164       288.0153       288.9304       289.9073       290.5446       290.3806       289.4995       288.3737       287.2233       286.5233    
 2048   286.4258       286.7269       287.2459       287.8599       288.8018       289.6360       290.3085       290.2506       289.4966       288.3349       287.4082       286.4594    
 2049   286.4203       286.7177       287.3570       287.9347       288.9371       289.8568       290.4165       290.2291       289.3486       288.2639       287.1750       286.5123    
 2050   286.4203       286.5246       286.9804       287.7509       288.6986       289.6721       290.2420       290.1847       289.2489       288.3290       287.2781       286.5299    
 2051   286.3245       286.8594       287.4177       288.0787       288.9692       290.0076       290.4424       290.4427       289.5738       288.4200       287.1876       286.4942    
 2052   286.5903       286.7485       287.1408       287.8193       288.8144       289.7497       290.3421       290.2549       289.4265       288.3731       287.4008       286.7446    
 2053   286.3416       286.6499       287.3240       288.1237       288.9636       289.9633       290.5982       290.4901       289.5809       288.5098       287.5592       286.8902    
 2054   286.7097       286.6455       287.3423       287.9807       289.0220       290.0497       290.5526       290.3788       289.5390       288.5875       287.7315       286.9702    
 2055   286.7009       287.2119       287.6203       288.2245       289.1185       290.0804       290.5684       290.4748       289.6660       288.5561       287.4572       286.9199    
 2056   286.5746       286.8170       287.4318       288.1250       288.8636       290.0182       290.5154       290.4053       289.4879       288.3957       287.4376       286.6422    
 2057   286.4085       286.5855       287.2258       288.1472       288.9606       289.9426       290.4816       290.4072       289.6300       288.5695       287.3786       286.8032    
 2058   286.6700       287.0482       287.3470       288.2469       288.9321       289.9032       290.6368       290.4712       289.6192       288.5847       287.5621       286.6110    
 2059   286.6068       286.7126       287.2406       288.1181       289.1222       290.0050       290.6055       290.4864       289.6982       288.4877       287.6229       287.0151    
 2060   286.9279       286.9309       287.4138       288.3436       289.2579       290.0519       290.6512       290.5755       289.7618       288.5393       287.5699       286.9130    
 2061   286.7801       287.1151       287.5832       288.4620       289.1435       290.1756       290.8643       290.6400       289.7366       288.7215       287.6610       286.7339    
 2062   286.7098       287.1198       287.4080       288.2273       289.0182       290.1231       290.7950       290.5860       289.8427       288.6615       287.6204       286.9009    
 2063   286.8582       286.9936       287.5726       288.4374       289.1768       290.1549       290.8014       290.7323       289.8806       288.7165       287.7661       286.8561    
 2064   286.9154       287.0097       287.4375       288.3668       289.1321       290.1693       290.7786       290.6768       289.8333       288.7238       287.6130       286.9499    
 2065   286.9794       287.1061       287.5222       288.3194       289.2690       290.1485       290.7875       290.6342       289.7932       288.6339       287.3909       286.7766    
 2066   286.6320       286.8152       287.4828       288.0515       288.8997       289.8758       290.5556       290.5329       289.8506       288.7302       287.8189       287.1094    
 2067   286.9399       287.0472       287.5804       288.2751       289.1369       290.1131       290.7168       290.7174       289.7423       288.6762       287.6253       286.8857    
 2068   286.8074       286.8835       287.3242       288.1086       288.9333       289.8546       290.4838       290.5316       289.6901       288.5221       287.5938       286.9341    
 2069   286.6442       286.9062       287.4416       288.3147       289.2286       290.1946       290.8197       290.7261       289.8163       288.8106       287.7645       287.1712    
 2070   287.0440       286.9636       287.4742       288.3109       289.2461       290.2519       290.7488       290.7862       289.8364       288.7770       287.8170       287.0675    
 2071   287.0507       287.1604       287.6493       288.3370       289.2756       290.1983       290.9159       290.8220       290.1115       288.9414       287.9202       287.1700    
 2072   287.0124       287.4813       287.8239       288.5431       289.4761       290.4066       291.0139       290.9185       290.0847       288.9803       287.9691       287.1598    
 2073   287.1955       287.1872       287.7724       288.6079       289.3148       290.3798       291.0004       290.8718       289.8578       288.8496       287.8961       287.1686    
 2074   287.0718       287.2236       287.6488       288.4486       289.2933       290.3726       290.8987       290.6204       289.8951       288.9379       287.8491       287.0182    
 2075   287.0299       287.3501       287.7089       288.5531       289.3029       290.3319       290.9464       290.8279       290.0388       288.9133       287.8394       287.2566    
 2076   286.8461       287.2708       287.7362       288.4469       289.2517       290.3243       290.9594       290.9144       290.1762       288.9225       287.9154       287.3334    
 2077   287.1418       287.5250       287.7015       288.6238       289.4816       290.3930       291.0521       290.9784       290.2248       288.8949       287.9347       287.1338    
 2078   286.9658       287.0209       287.5802       288.3689       289.3320       290.3017       290.9998       290.9273       290.0085       289.0606       288.0967       287.4202    
 2079   287.0147       287.3865       287.8329       288.6423       289.4318       290.5061       291.0194       290.9319       290.0442       288.9479       287.9718       287.2976    
 2080   286.7346       287.3154       287.7612       288.3954       289.3070       290.3679       290.9470       290.9344       290.0395       289.0099       287.9276       287.2986    
 2081   287.3173       287.4257       287.8026       288.6096       289.5613       290.4538       291.0348       290.9572       290.2473       289.1097       288.0114       287.1186    
 2082   287.1020       287.3454       287.8320       288.3732       289.3629       290.3190       290.9731       290.9543       290.0150       289.0039       288.0146       287.3231    
 2083   287.2149       287.2902       287.8447       288.6909       289.6052       290.6472       291.1641       290.9897       290.2522       289.0723       288.0230       287.3888    
 2084   287.1879       287.4035       288.0886       288.7389       289.6110       290.5609       291.0318       290.9775       290.2138       289.0912       288.1332       287.2797    
 2085   287.4268       287.6090       287.9698       288.5486       289.4886       290.4786       291.0455       290.9691       290.0089       288.8848       287.8964       287.2334    
 2086   287.1529       286.8949       287.8456       288.5779       289.4228       290.3520       291.0057       290.9715       290.2121       288.9712       287.9619       287.3731    
 2087   287.3808       287.4382       287.9703       288.6951       289.6432       290.6083       291.1723       291.0923       290.1741       289.0181       287.9930       287.3525    
 2088   287.2158       287.3300       287.8335       288.5758       289.4642       290.4723       291.0826       290.9833       290.1683       288.9789       287.9296       287.3755    
 2089   287.2441       287.3231       287.9219       288.7820       289.5867       290.4622       291.0787       290.9637       290.0323       288.9579       288.0045       287.3124    
 2090   287.0914       287.3331       287.8345       288.4153       289.3517       290.4092       291.0179       290.9449       290.1876       289.1238       288.0983       287.3670    
 2091   287.2692       287.3494       287.6927       288.6917       289.3746       290.4382       291.1150       291.0700       290.3255       289.1269       287.9496       287.4052    
 2092   287.1914       287.4372       287.7835       288.5636       289.4547       290.5262       291.0084       291.0186       290.1641       289.1205       288.0845       287.2925    
 2093   287.2007       287.6584       287.8984       288.7065       289.7501       290.7474       291.3813       291.1405       290.2205       289.0541       288.0995       287.5759    
 2094   287.1547       287.4493       287.9032       288.5777       289.4810       290.3846       291.1505       291.0547       290.2101       289.0317       288.0975       287.5387    
 2095   287.3040       287.5151       288.0290       288.7409       289.5510       290.5760       291.1601       291.1398       290.3571       289.3303       288.3251       287.5721    
 2096   287.5547       287.6635       288.2617       288.8622       289.8148       290.7538       291.2319       291.1431       290.2762       289.0774       288.0739       287.4419    
 2097   287.1775       287.4740       288.0186       288.6526       289.5460       290.5930       291.1386       291.0340       290.2352       289.2252       288.2845       287.5594    
 2098   287.3058       287.6896       288.0363       288.8323       289.6445       290.5893       291.1997       291.0240       290.1960       288.9893       287.9949       287.1491    
 2099   287.2482       287.3119       287.8457       288.6342       289.4442       290.4218       291.0336       291.1003       290.2763       289.2668       288.1810       287.5424    
 2100   287.2021       287.5688       287.9492       288.6275       289.5411       290.5202       291.0868       291.0019       290.2562       289.1372       288.2740       287.4768    
 2101   287.5132       287.5836       287.9977       288.7681       289.5956       290.3970       291.0035       291.0736       290.2745       289.3331       288.1720       287.6793    
 2102   287.5729       287.5727       287.8551       288.6113       289.5934       290.5249       291.0568       291.0660       290.1747       288.9360       287.9823       287.2703    
 2103   287.1826       287.4378       287.7134       288.4553       289.4100       290.4856       291.0959       291.1125       290.3207       289.0170       287.9980       287.2746    
 2104   287.3138       287.5660       287.9947       288.6294       289.6872       290.5686       291.1264       290.9646       290.1884       289.1885       288.1143       287.3681    
 2105   287.2575       287.4526       287.8815       288.5717       289.4857       290.5716       291.1730       291.1237       290.2344       289.1350       288.1846       287.4853    
 2106   287.3875       287.6185       287.9136       288.6264       289.5345       290.5676       291.1235       291.1244       290.2964       289.1902       288.2107       287.4110    
 2107   287.3744       287.4265       287.9106       288.8520       289.7227       290.4697       291.2245       291.1952       290.3976       289.2555       288.2607       287.6797    
 2108   287.3233       287.4644       287.8846       288.5444       289.4339       290.4935       291.1203       290.9729       290.1904       289.2000       288.0818       287.3922    
 2109   287.2333       287.6029       287.9047       288.7725       289.6321       290.6460       291.1841       291.0845       290.3599       289.1831       288.1738       287.5284    
 2110   287.4301       287.4973       288.0360       288.5464       289.5211       290.5678       291.0253       291.1100       290.3665       289.1827       287.9941       287.2097    
 2111   287.3114       287.4338       287.7800       288.6002       289.5178       290.4524       291.1026       291.0468       290.2628       289.1422       288.2946       287.6769    
 2112   287.3566       287.3282       288.1996       288.7635       289.8245       290.6521       291.2055       291.0329       290.1770       289.0960       288.0299       287.2706    
 2113   287.1356       287.6548       287.9893       288.7616       289.6147       290.5022       291.0591       290.9852       290.1230       289.1589       288.1889       287.5033    
 2114   287.5771       287.6641       288.1010       288.8745       289.6940       290.6473       291.1740       290.9827       290.2194       289.1002       288.1410       287.4540    
 2115   287.0767       287.3927       287.9077       288.5419       289.5318       290.4945       291.1631       291.1139       290.3070       289.2030       288.2685       287.6063    
 2116   287.4967       287.6220       288.0955       288.7568       289.6448       290.5976       291.1780       291.1434       290.3188       289.1910       288.3040       287.5633    
 2117   287.2302       287.4959       287.9919       288.6881       289.5436       290.5239       291.1789       291.1407       290.3766       289.1765       288.2888       287.5214    
 2118   287.5702       287.8426       288.3308       288.8681       289.6990       290.7137       291.3605       291.1786       290.4386       289.4330       288.2977       287.4549    
 2119   287.3501       287.5222       288.0681       288.8122       289.6147       290.5603       291.1233       291.2837       290.2620       289.1718       288.1904       287.5526    
 2120   287.3423       287.4951       287.9768       288.7509       289.5711       290.5647       291.2956       291.1245       290.2464       289.2212       288.2298       287.5275    
 2121   287.3982       287.4569       288.0805       288.8136       289.8527       290.8391       291.3593       291.4579       290.4362       289.4011       288.3533       287.6216    
 2122   287.2869       287.8012       288.2414       288.7410       289.7522       290.6216       291.2384       291.2783       290.3141       289.3749       288.2211       287.4999    
 2123   287.6278       287.4998       288.0537       288.7957       289.5564       290.5533       291.2911       291.1824       290.3399       289.4412       288.5788       287.9321    
 2124   287.8293       287.7794       288.3269       289.0932       289.6774       290.7168       291.4023       291.3301       290.4780       289.1166       288.0822       287.5704    
 2125   287.1761       287.4515       287.8661       288.6370       289.5791       290.5358       291.2007       291.2028       290.3344       289.2945       288.3777       287.6640    
 2126   287.5154       287.9236       288.4180       289.0234       289.7688       290.7633       291.3049       291.2216       290.4721       289.2859       288.2946       287.7734    
 2127   287.5573       287.6241       288.1734       288.8047       289.6676       290.6513       291.4347       291.4167       290.5230       289.3423       288.3290       287.5306    
 2128   287.5246       287.7479       288.2336       288.7622       289.5662       290.4838       291.2087       291.1200       290.4499       289.2866       288.2179       287.7003    
 2129   287.5688       287.5872       288.1551       288.7081       289.6566       290.5864       291.2676       291.2430       290.4301       289.2139       288.3348       287.7495    
 2130   287.7229       287.6831       288.1537       288.7535       289.8706       290.7993       291.3666       291.3580       290.5167       289.2588       288.3902       287.7347    
 2131   287.6179       287.7577       288.0974       288.7491       289.8363       290.7443       291.3885       291.3674       290.5810       289.4077       288.3949       287.6063    
 2132   287.5881       288.0207       288.3046       288.9420       289.8104       290.6903       291.2817       291.3564       290.3759       289.2936       288.2520       287.6224    
 2133   287.4437       287.9024       288.1555       288.8158       289.7307       290.4940       291.2097       291.1871       290.2775       289.3190       288.2613       287.6580    
 2134   287.5511       287.6798       287.9091       288.6607       289.5592       290.6914       291.2890       291.1288       290.4685       289.2652       288.4094       287.5865    
 2135   287.7226       287.6964       288.3491       289.0524       290.0062       290.9852       291.6162       291.4113       290.3900       289.3246       288.3761       287.7695    
 2136   287.4457       287.7341       288.2954       288.9322       289.7237       290.6884       291.2647       291.0836       290.3396       289.3887       288.3798       287.4272    
 2137   287.5089       287.3738       288.2793       288.9483       289.7733       290.5847       291.2121       291.1581       290.3529       289.1077       288.1046       287.5580    
 2138   287.1742       287.6758       287.8863       288.8308       289.6284       290.6501       291.2590       291.2148       290.3161       289.1154       288.0792       287.5504    
 2139   287.3980       287.4670       288.0771       288.8171       289.6280       290.7531       291.3317       291.2465       290.3887       289.3237       288.3396       287.4397    
 2140   287.3911       287.7419       288.0879       288.8223       289.7058       290.5468       291.2299       291.2531       290.3749       289.2357       288.1816       287.6949    
 2141   287.4189       287.3488       288.1344       288.8309       289.6711       290.6555       291.2512       291.1625       290.4008       289.2290       288.3542       287.5730    
 2142   287.4206       287.5797       288.1359       288.8887       289.7604       290.7311       291.4154       291.2701       290.4041       289.4131       288.2414       287.5188    
 2143   287.4781       287.4441       288.1246       288.7469       289.6474       290.6584       291.2185       291.2493       290.4997       289.4463       288.3139       287.6339    
 2144   287.6521       287.7386       288.2530       289.1079       289.8937       290.7224       291.3487       291.2484       290.3731       289.1646       288.2368       287.5619    
 2145   287.6355       287.9628       288.1123       288.9087       289.7951       290.7979       291.3185       291.2774       290.4308       289.3495       288.2735       287.5681    
 2146   287.4617       287.8076       288.1493       288.8506       289.7404       290.6518       291.3864       291.5026       290.5801       289.5041       288.5521       287.9489    
 2147   287.7398       287.7869       288.3310       288.8430       289.8661       290.7417       291.2993       291.2672       290.2957       289.3734       288.1783       287.4338    
 2148   287.5610       287.4719       288.0273       288.6226       289.5221       290.5560       291.2213       291.1802       290.3704       289.1346       288.1982       287.4735    
 2149   287.6828       287.8165       288.2891       288.8424       289.6651       290.6183       291.2225       291.2156       290.4464       289.1798       288.3048       287.5381    
 2150   287.4097       287.6573       287.9672       288.7191       289.5524       290.4919       291.2821       291.2852       290.3637       289.3044       288.1713       287.3211    
 2151   287.3995       287.4785       288.2264       288.9518       289.8047       290.7436       291.3496       291.2940       290.4842       289.2486       288.2179       287.5646    
 2152   287.1819       287.5165       288.0211       288.7879       289.8266       290.7021       291.3693       291.3028       290.2625       289.2487       288.3610       287.7473    
 2153   287.6759       287.9348       288.2634       288.9152       289.7405       290.6450       291.2524       291.1738       290.2909       289.2091       288.1540       287.4566    
 2154   287.0855       287.6374       287.9076       288.8849       289.5244       290.6112       291.2668       291.2047       290.3588       289.1605       288.2682       287.6699    
 2155   287.3419       287.7726       288.0623       288.7995       289.6698       290.6072       291.1559       291.0912       290.2700       289.1337       288.1857       287.5345    
 2156   287.6559       287.6892       288.1607       288.6813       289.6292       290.6077       291.2573       291.2950       290.5272       289.2572       288.1822       287.5415    
 2157   287.2921       287.4585       288.0715       288.8298       289.7013       290.7360       291.3871       291.1432       290.3753       289.2848       288.2908       287.5847    
 2158   287.5714       287.5555       287.9669       288.8844       289.7809       290.8510       291.4627       291.1487       290.4126       289.3204       288.1903       287.4547    
 2159   287.1849       287.5590       288.0546       288.6987       289.6830       290.6416       291.4079       291.2506       290.4389       289.3353       288.3272       287.6150    
 2160   287.5236       287.4008       288.2031       288.8106       289.7097       290.6957       291.3877       291.1695       290.5166       289.3209       288.0702       287.5611    
 2161   287.5077       287.5789       288.3366       288.8265       289.6847       290.6530       291.3356       291.1544       290.3726       289.1223       287.9657       287.5746    
 2162   287.1697       287.7008       288.0707       288.7203       289.5638       290.5604       291.1389       291.0117       290.2613       289.1881       288.2350       287.6268    
 2163   287.4955       287.6615       288.1965       288.7207       289.5865       290.5255       291.2741       291.2291       290.4505       289.1669       288.1382       287.4396    
 2164   287.6265       287.9834       288.2246       288.8571       289.6507       290.6363       291.4598       291.2012       290.5008       289.4040       288.3196       287.8306    
 2165   287.5677       287.8228       288.2248       288.8637       289.7390       290.8234       291.4164       291.2950       290.4777       289.3376       288.3456       287.7174    
 2166   287.3192       287.6368       288.0635       288.7621       289.6000       290.6727       291.2114       291.3064       290.6623       289.2420       288.2676       287.6397    
 2167   287.6835       287.7966       288.4461       288.9570       289.8239       290.8545       291.5003       291.2747       290.4613       289.3306       288.2781       287.6846    
 2168   287.7079       287.8181       288.1946       288.7876       289.7141       290.6962       291.3072       291.2267       290.4137       289.4165       288.3937       287.7159    
 2169   287.4993       287.8602       288.1462       288.9451       289.7632       290.8746       291.4008       291.3966       290.5497       289.4031       288.3594       287.7443    
 2170   287.5687       287.6260       288.2426       288.9822       289.7814       290.7616       291.4417       291.2510       290.5727       289.3321       288.5107       287.9606    
 2171   287.6637       287.9596       288.4563       289.0154       289.9731       290.9134       291.5625       291.4397       290.5756       289.3278       288.3661       287.8169    
 2172   287.3995       287.6007       288.0335       288.8201       289.7741       290.9159       291.3857       291.3177       290.4562       289.3546       288.3606       287.7079    
 2173   287.5640       287.7268       288.2795       288.8918       289.6978       290.6596       291.3220       291.3277       290.4267       289.3646       288.2784       287.5458    
 2174   287.5771       287.6944       287.9949       288.8027       289.7352       290.7237       291.3204       291.3648       290.4155       289.2580       288.3149       287.6618    
 2175   287.2185       287.5182       288.0217       288.7112       289.4791       290.6610       291.4191       291.3951       290.3858       289.4414       288.4312       287.7181    
 2176   287.5848       287.7773       288.4315       288.9947       289.8503       290.7167       291.4828       291.3657       290.5914       289.4131       288.3030       287.7343    
 2177   287.5721       287.8046       288.2175       288.8933       289.6699       290.6099       291.2893       291.2829       290.4553       289.4389       288.3203       287.7780    
 2178   287.7031       287.7506       288.2424       288.8376       289.7905       290.7617       291.3813       291.3044       290.5764       289.2992       288.1435       287.4183    
 2179   287.3586       287.4730       287.9679       288.7737       289.5317       290.4662       291.2120       291.0649       290.3240       289.1360       288.2297       287.6223    
 2180   287.4626       287.5467       288.0700       288.9153       289.8502       290.7054       291.3029       291.2626       290.3532       289.3037       288.0924       287.6437    
 2181   287.3930       287.7256       287.9807       288.6847       289.6914       290.6351       291.3171       291.2949       290.4742       289.4425       288.3996       287.5395    
 2182   287.3740       287.7687       288.1676       288.9407       289.7895       290.7092       291.3966       291.4404       290.5646       289.4374       288.4483       287.6613    
 2183   287.6642       287.7032       288.1445       288.9429       289.7339       290.9181       291.3788       291.3931       290.6109       289.4184       288.3359       287.6619    
 2184   287.4970       287.6629       288.2244       288.9502       289.7061       290.8004       291.3103       291.2167       290.5107       289.2891       288.3839       287.6118    
 2185   287.7421       287.6727       288.1187       288.8280       289.7166       290.5946       291.2029       291.3538       290.4446       289.2524       288.2403       287.5515    
 2186   287.3282       287.4879       287.9705       288.5863       289.6483       290.6865       291.3330       291.1740       290.5428       289.4815       288.3501       287.5932    
 2187   287.7762       288.0044       288.3758       289.0646       289.8921       290.8231       291.4526       291.3672       290.5456       289.2614       288.4430       287.6157    
 2188   287.4768       287.8287       288.1584       288.9193       289.7799       290.8188       291.4915       291.3781       290.6046       289.4538       288.4382       288.0437    
 2189   287.7306       287.7365       288.3127       288.8303       289.8083       290.6461       291.2693       291.2943       290.4244       289.4474       288.2991       287.7262    
 2190   287.7250       287.8506       288.3157       288.9785       289.6687       290.8987       291.5173       291.4941       290.5367       289.4155       288.4636       287.4841    
 2191   287.8755       287.7188       288.3366       289.0375       289.8299       290.7550       291.3786       291.4006       290.5148       289.3828       288.3148       287.5277    
 2192   287.4072       287.5633       287.8332       288.7831       289.4930       290.5882       291.2750       291.2983       290.5059       289.4008       288.3606       287.7564    
 2193   287.6799       287.7246       288.0901       288.9229       289.8327       290.7665       291.3866       291.3818       290.5226       289.4743       288.4263       287.8524    
 2194   287.6378       287.7973       288.3348       288.9873       289.8406       290.7415       291.4330       291.2658       290.6454       289.3700       288.4906       287.7863    
 2195   287.4724       287.6407       288.0376       288.9382       289.7758       290.7147       291.4601       291.3805       290.6130       289.4945       288.3730       287.7944    
 2196   287.7650       287.7381       288.2795       289.0107       289.8022       290.7590       291.4013       291.3426       290.5088       289.4414       288.4663       287.8788    
 2197   287.4427       287.7435       288.1412       289.0991       289.8447       290.7835       291.4943       291.4084       290.5211       289.3437       288.4691       287.7917    
 2198   287.5628       287.7424       288.2661       288.9980       289.9196       290.9090       291.4975       291.4842       290.6652       289.4601       288.3804       287.6329    
 2199   287.5242       287.8248       288.1057       288.8282       289.5832       290.6229       291.3042       291.3090       290.4831       289.4550       288.4343       287.7455    
 2200   287.8780       287.8436       288.1833       288.8923       289.7751       290.9119       291.4918       291.4296       290.5523       289.4540       288.2229       287.3255    
 2201   287.3876       287.4534       287.9887       288.7872       289.6220       290.6290       291.2847       291.2921       290.4254       289.2549       288.2648       287.5103    
 2202   287.2884       287.6465       288.0575       288.7000       289.6537       290.5872       291.2634       291.1964       290.3347       289.3598       288.3767       287.5863    
 2203   287.6151       287.6217       288.1428       288.7841       289.7510       290.7302       291.2183       291.2675       290.3472       289.2722       288.4369       287.7572    
 2204   287.4557       287.6608       288.0365       288.8901       289.6814       290.6336       291.3256       291.2613       290.5392       289.2843       288.4121       287.8031    
 2205   287.6471       287.8911       288.4060       288.9181       289.9060       290.9032       291.4483       291.4075       290.5614       289.5356       288.6842       287.8636    
 2206   287.6819       287.8524       288.2183       288.9615       289.8268       290.7501       291.4126       291.3865       290.5666       289.4565       288.5322       287.9313    
 2207   287.7268       287.8272       288.3972       289.0829       289.9467       290.9680       291.5507       291.4582       290.7292       289.4948       288.4016       287.6248    
 2208   287.5157       287.5614       288.0409       288.8626       289.7200       290.7589       291.3091       291.1791       290.2761       289.3170       288.1241       287.6312    
 2209   287.5859       287.6464       288.1996       288.8286       289.6828       290.7446       291.3128       291.2900       290.4678       289.3607       288.3797       287.8456    
 2210   287.4977       287.7128       288.4231       288.9235       289.8505       290.9145       291.4019       291.3098       290.4563       289.3969       288.2611       287.6846    
 2211   287.5790       287.9147       288.1115       288.9431       289.9261       290.7404       291.4135       291.2249       290.4637       289.2536       288.4243       287.8257    
 2212   287.6286       287.7639       288.2307       288.8755       289.7849       290.8029       291.4125       291.3724       290.5187       289.3100       288.4235       287.5683    
 2213   287.4827       287.6000       288.1835       288.8721       289.8745       290.7099       291.3148       291.1843       290.3490       289.1471       288.1804       287.5099    
 2214   287.1139       287.2601       288.0146       288.5988       289.6983       290.7531       291.3623       291.2090       290.4831       289.3097       288.4677       287.5293    
 2215   287.5737       287.8546       288.1335       289.0270       289.8824       290.8045       291.4804       291.2928       290.4732       289.4574       288.4402       287.7069    
 2216   287.3876       287.7214       288.3780       288.8883       289.6863       290.6844       291.4145       291.1994       290.4772       289.3491       288.3582       287.4957    
 2217   287.6122       287.7437       288.2122       289.0432       289.7686       290.8208       291.3291       291.3353       290.5504       289.3947       288.4733       287.7183    
 2218   287.6345       287.7205       288.0622       288.8761       289.6559       290.7652       291.2859       291.2577       290.5096       289.3163       288.3486       287.5457    
 2219   287.3936       287.5798       287.8984       288.7869       289.6139       290.6612       291.4783       291.3963       290.5608       289.4186       288.4496       287.6370    
 2220   287.6963       287.8120       288.3282       289.0449       289.8650       290.8962       291.3758       291.3094       290.4760       289.4297       288.4998       287.6704    
 2221   287.3129       287.7505       288.2442       288.8873       289.8532       290.6681       291.3827       291.3364       290.4265       289.3496       288.4752       287.8390    
 2222   287.6460       287.8255       288.2616       288.8752       289.7328       290.6343       291.3202       291.3213       290.5816       289.5806       288.4505       287.7097    
 2223   287.6891       287.8527       288.3600       288.9356       289.9010       290.8919       291.4810       291.5390       290.7009       289.6050       288.5516       287.9203    
 2224   287.6999       287.7758       288.2965       289.0237       289.8316       290.8600       291.6334       291.4604       290.5897       289.4810       288.3473       287.6280    
 2225   287.4956       287.8383       288.2751       288.9577       289.6431       290.5671       291.3335       291.2805       290.4367       289.3544       288.2407       287.7120    
 2226   287.5695       287.7411       288.2300       288.7968       289.7303       290.7062       291.5249       291.5792       290.5916       289.5722       288.6224       287.9103    
 2227   287.4924       287.9564       288.3777       289.0204       289.8511       290.8868       291.5675       291.4813       290.6062       289.5359       288.6037       287.7722    
 2228   287.6828       287.5091       288.2549       288.9888       289.8484       290.7142       291.4058       291.3098       290.5694       289.3108       288.2838       287.5888    
 2229   287.3982       287.8300       288.3489       288.9413       289.6888       290.7747       291.4302       291.3520       290.5041       289.4075       288.4826       287.5977    
 2230   287.3921       287.6069       287.8665       288.7701       289.7364       290.7973       291.5237       291.4399       290.6235       289.4395       288.4549       287.7999    
 2231   287.6299       288.0417       288.2971       288.9284       289.8391       290.8813       291.4528       291.3837       290.6396       289.5464       288.2696       287.5830    
 2232   287.6532       287.7479       288.2806       289.0355       289.8158       290.7522       291.4436       291.3865       290.5414       289.4669       288.2793       287.4778    
 2233   287.5075       287.7682       288.2087       288.9644       289.8848       290.9210       291.4513       291.4313       290.6026       289.5117       288.3995       287.5908    
 2234   287.2887       287.6374       288.1918       288.8133       289.6312       290.7005       291.3584       291.2473       290.4086       289.3693       288.2273       287.6588    
 2235   287.2995       287.5681       288.1174       288.9299       289.8114       290.7581       291.4234       291.3632       290.5713       289.5622       288.4395       287.6072    
 2236   287.6437       287.8674       288.0890       288.9255       289.7958       290.7647       291.5211       291.4348       290.6052       289.5142       288.3891       287.6198    
 2237   287.6874       287.6596       288.2538       288.8529       289.7160       290.6910       291.3769       291.2278       290.4522       289.3394       288.3284       287.7463    
 2238   287.6533       287.6578       287.9988       288.8799       289.8466       290.8726       291.5236       291.4060       290.5493       289.4653       288.4150       287.9818    
 2239   287.7186       288.0450       288.5120       289.0504       290.0508       290.8692       291.4742       291.4425       290.5256       289.4022       288.4436       287.6500    
 2240   287.5578       287.7242       288.1476       288.8435       289.7746       290.7350       291.3810       291.3089       290.5394       289.4970       288.3979       287.7513    
 2241   287.4551       287.6831       288.1732       288.8443       289.8157       290.6545       291.3322       291.3884       290.5350       289.3279       288.4324       287.6112    
 2242   287.5867       287.8015       288.1063       288.9759       289.8134       290.6229       291.3506       291.2831       290.4383       289.4310       288.2904       287.6439    
 2243   287.3534       287.7658       288.0230       288.7503       289.7047       290.6093       291.4373       291.3367       290.5153       289.4795       288.4427       287.5702    
 2244   287.4534       287.5533       288.2167       289.0103       289.9336       290.9129       291.4222       291.4381       290.6073       289.3441       288.3206       287.7102    
 2245   287.2409       287.7027       288.1608       288.8455       289.8057       290.7135       291.4034       291.4833       290.6167       289.4520       288.3826       287.7096    
 2246   287.5464       287.8185       288.2213       288.9468       289.8806       290.7377       291.4297       291.3427       290.6219       289.5429       288.4102       287.8658    
 2247   287.3684       287.7629       288.1566       289.0244       289.8235       290.9179       291.4713       291.5080       290.6542       289.4868       288.3633       287.7169    
 2248   287.7598       287.9929       288.3689       288.9724       289.9208       291.0167       291.6379       291.5833       290.6841       289.6795       288.4538       287.7162    
 2249   287.6212       287.7227       288.4403       289.0484       289.6452       290.7125       291.3990       291.3189       290.3785       289.3950       288.3154       287.6025    
 2250   287.4857       287.7440       288.1745       288.7947       289.8267       290.7923       291.4535       291.4194       290.5437       289.5562       288.4494       287.5912    
 2251   287.6399       287.9076       288.1629       289.0993       289.8141       290.7996       291.5011       291.4578       290.6052       289.4992       288.6300       287.6313    
 2252   287.4960       287.7973       288.2506       289.0220       289.9577       290.9068       291.5299       291.4802       290.7095       289.4457       288.5374       287.7389    
 2253   287.5891       287.6694       288.2275       288.9083       289.7783       290.7165       291.3318       291.3461       290.6229       289.3854       288.4514       287.6491    
 2254   287.6386       287.5559       288.2284       288.9353       289.8117       290.7912       291.5490       291.4106       290.5492       289.4033       288.4332       287.6375    
 2255   287.6926       287.7627       288.3633       288.8755       289.7266       290.7787       291.4880       291.2693       290.6316       289.4724       288.5623       287.8861    
 2256   287.5558       287.8711       288.3574       288.9617       289.8779       290.9708       291.4491       291.4108       290.6898       289.5446       288.3923       287.6930    
 2257   287.6642       287.6535       288.2214       288.9235       289.7684       290.6250       291.3398       291.2859       290.4267       289.3924       288.4101       287.6714    
 2258   287.5405       287.8013       288.1151       288.8191       289.8529       290.8813       291.4571       291.4210       290.7238       289.5325       288.6071       288.0516    
 2259   287.9439       287.9452       288.3210       289.0710       289.9936       290.9510       291.5936       291.6576       290.6292       289.5245       288.4057       287.7184    
 2260   287.4035       287.7268       288.1398       288.8490       289.7582       290.6611       291.4193       291.3498       290.7019       289.5321       288.5412       287.7608    
 2261   287.7799       287.7930       288.3780       288.9702       289.8735       290.9632       291.5381       291.4777       290.6547       289.5055       288.4378       287.9273    
 2262   287.5573       287.8014       288.3740       289.0048       289.8159       290.8395       291.4676       291.3731       290.6120       289.4649       288.5040       287.7804    
 2263   287.6151       287.9227       288.2270       288.8780       289.8135       290.7623       291.3018       291.4258       290.5761       289.4789       288.4324       287.6646    
 2264   287.7248       287.9493       288.3198       288.9962       289.8253       290.8885       291.5767       291.6606       290.7724       289.5565       288.4912       288.0384    
 2265   287.7275       287.7656       288.1061       288.9375       289.8282       290.7147       291.4145       291.3282       290.5144       289.3689       288.3193       287.6689    
 2266   287.3189       287.8010       288.3112       288.9259       289.7513       290.8302       291.5598       291.5233       290.6118       289.3836       288.5023       287.8382    
 2267   287.7174       287.9290       288.4550       289.0139       289.8370       290.8279       291.4781       291.4069       290.5476       289.4848       288.4273       287.7179    
 2268   287.5632       287.8123       288.2935       288.8524       289.6873       290.7177       291.3181       291.3328       290.6237       289.4280       288.4128       287.8061    
 2269   287.8111       287.9228       288.5519       289.0586       289.7960       290.8346       291.5607       291.4098       290.6793       289.5110       288.5020       287.5817    
 2270   287.7007       287.9697       288.2609       288.9277       289.8977       290.9606       291.7181       291.4464       290.7650       289.5981       288.6155       287.9602    
 2271   287.7718       288.1769       288.5761       289.1848       290.0405       291.0809       291.6495       291.4968       290.6517       289.4780       288.4858       287.7697    
 2272   287.6536       287.8865       288.2095       288.9818       289.7545       290.8339       291.4396       291.4434       290.5236       289.4830       288.3934       287.8495    
 2273   287.5948       287.9651       288.1869       288.9959       289.9968       290.9419       291.6009       291.4426       290.6471       289.5159       288.5667       287.8831    
 2274   287.5365       287.8420       288.2548       288.8748       289.8032       290.8165       291.4458       291.3394       290.7122       289.5836       288.6581       287.7916    
 2275   287.5722       287.7970       288.3799       288.8481       289.8836       290.8223       291.6192       291.5581       290.7733       289.5202       288.4748       287.6525    
 2276   287.4514       287.5434       288.1758       288.9536       289.8647       290.9870       291.5154       291.4270       290.6568       289.5596       288.5531       287.9385    
 2277   287.7561       288.0214       288.4986       289.1510       290.0551       291.0210       291.6841       291.5673       290.7199       289.5392       288.4797       287.8619    
 2278   287.6883       287.9644       288.1693       288.9402       289.7262       290.7209       291.3543       291.4994       290.6635       289.5960       288.4900       287.8528    
 2279   287.7414       287.6657       288.4562       288.9016       289.8926       290.8755       291.5129       291.4452       290.6956       289.5562       288.4216       287.8545    
 2280   287.6318       287.5902       288.2985       288.9329       289.8151       290.8454       291.4277       291.4010       290.4449       289.3889       288.5114       287.7560    
 2281   287.5448       287.7473       287.9588       288.7351       289.6794       290.6797       291.3764       291.5367       290.7065       289.5880       288.5245       287.9300    
 2282   288.0910       288.0793       288.4500       289.1137       289.9303       290.9574       291.5905       291.6038       290.7806       289.5332       288.6052       287.4587    
 2283   287.5334       287.4950       288.3372       289.0725       289.9119       290.7775       291.4672       291.4679       290.6242       289.4985       288.6561       287.6731    
 2284   287.7741       287.9111       288.4193       288.8089       289.8465       290.8890       291.5403       291.4363       290.5161       289.2260       288.3108       287.6790    
 2285   287.4352       287.8548       288.1337       288.7097       289.6875       290.7144       291.4886       291.3625       290.5476       289.4390       288.4252       287.7722    
 2286   287.4540       287.7005       288.1736       288.8825       289.8203       290.8906       291.6353       291.4714       290.5757       289.5490       288.4562       287.9321    
 2287   287.4337       287.8388       288.3390       289.0292       289.9716       290.9427       291.6182       291.4211       290.7297       289.5827       288.4931       287.5259    
 2288   287.6595       288.0255       288.0618       288.9656       289.8343       290.9104       291.5016       291.3994       290.6037       289.5868       288.3539       287.6808    
 2289   287.5947       287.8868       288.1363       288.8279       289.8816       290.7290       291.4435       291.4582       290.5773       289.4174       288.5297       287.9217    
 2290   287.8633       287.8332       288.0999       288.9494       289.8909       290.9589       291.5359       291.4654       290.6669       289.4420       288.6320       287.9897    
 2291   287.7157       288.1828       288.4702       289.1025       290.0370       290.9120       291.4943       291.3215       290.6554       289.5014       288.3871       287.6653    
 2292   287.6248       287.7639       288.1500       288.9170       289.8135       290.7046       291.3987       291.3560       290.5896       289.4559       288.5806       287.6711    
 2293   287.6203       287.9538       288.2822       288.9786       289.8354       290.9875       291.5655       291.4649       290.5709       289.4419       288.3351       287.6143    
 2294   287.5227       287.7745       288.3680       288.8775       289.7126       290.6848       291.4759       291.4669       290.6010       289.5211       288.4619       287.6385    
 2295   287.7486       287.8510       288.1978       289.0903       289.9183       290.9319       291.5264       291.4433       290.6494       289.5072       288.6887       288.0703    
 2296   287.6834       288.1376       288.2802       289.0085       289.9634       290.9783       291.5162       291.4940       290.6947       289.7432       288.4827       287.7006    
 2297   287.5960       287.5410       288.2885       289.0139       289.8359       290.7445       291.4065       291.4364       290.6424       289.4790       288.3481       287.4575    
 2298   287.4863       287.6533       288.2033       288.8791       289.8753       290.8292       291.4992       291.3981       290.6205       289.4717       288.5175       287.7986    
 2299   287.7340       287.8062       288.1713       289.0209       289.7459       290.7813       291.3575       291.2836       290.5127       289.3119       288.3040       287.7219    
 2300   287.5873       287.6822       288.1348       288.9813       289.8621       290.8803       291.5776       291.4909       290.6218       289.5474       288.6782       288.0628    
