# tas [K] from CNRM-CM5 model output prepared for CMIP5 RCP8.5 r1i1p1
# cutting out region lon=   -0.703  359.297, lat=  -89.622   89.622
 1850   284.3967       284.7345       285.4744       286.2287       287.1195       288.0572       288.7031       288.4794       287.5495       286.2701       285.0434       284.7659    
 1851   284.3728       284.6895       285.2607       286.1465       287.1364       288.0388       288.5781       288.5128       287.6902       286.3206       285.2383       284.5810    
 1852   284.2242       284.7832       285.4624       286.2553       287.0586       288.0367       288.5495       288.5533       287.5258       286.4357       285.3607       284.6243    
 1853   284.6667       285.2065       285.5397       286.3847       287.2989       288.2392       288.7287       288.5309       287.7178       286.5191       285.4111       284.6680    
 1854   284.5817       284.6018       285.3394       286.0081       287.0507       287.9376       288.5033       288.2714       287.5457       286.1674       285.0104       284.3602    
 1855   284.3288       284.5146       285.1626       286.0220       287.0439       288.0126       288.6111       288.4834       287.5097       286.5465       285.4088       284.8175    
 1856   284.5565       284.8616       285.3526       286.3964       287.3212       288.1566       288.8113       288.4755       287.7176       286.4121       285.2724       284.5159    
 1857   284.4131       284.7015       285.4186       286.1341       287.0397       288.0738       288.5707       288.3723       287.5333       286.3810       285.3372       284.4688    
 1858   284.5345       284.6476       285.3577       286.1296       287.0759       288.1204       288.7053       288.4632       287.5924       286.4357       285.1970       284.5667    
 1859   284.4899       284.7733       285.2213       286.3675       287.2878       288.1712       288.6448       288.5849       287.5160       286.1569       285.2629       284.7228    
 1860   284.6247       284.7812       285.3478       286.3108       287.3109       288.2704       288.8196       288.6104       287.5368       286.2929       285.3862       284.4932    
 1861   284.5305       285.0566       285.4202       286.1833       287.2504       288.2223       288.8870       288.5574       287.6352       286.3950       285.3084       284.7552    
 1862   284.5116       284.9069       285.2274       286.1770       287.0570       288.1621       288.7332       288.5402       287.4541       286.3386       285.3071       284.6360    
 1863   284.4185       284.8546       285.5743       286.3524       287.2494       288.0822       288.6089       288.3778       287.4258       286.2807       285.1713       284.3268    
 1864   284.2763       284.7450       285.2589       286.2560       287.2159       288.1716       288.5980       288.3158       287.5168       286.4253       285.3530       284.7329    
 1865   284.6250       285.1198       285.5728       286.4707       287.2997       288.4560       288.8799       288.6599       287.6750       286.5072       285.5092       284.5452    
 1866   284.5534       284.8762       285.4186       286.3479       287.2854       288.1648       288.7067       288.6027       287.7254       286.5421       285.2801       284.7988    
 1867   284.5138       284.8746       285.3286       286.2172       287.1907       287.9553       288.6694       288.5193       287.5238       286.3853       285.2488       284.4137    
 1868   284.4364       284.9041       285.2132       286.1323       287.1423       288.0717       288.7259       288.5093       287.6237       286.2545       285.1967       284.5680    
 1869   284.7415       284.9076       285.3441       286.2872       287.3617       288.1906       288.9299       288.5471       287.5698       286.3212       285.1404       284.5164    
 1870   284.1623       284.8412       285.4981       286.1137       287.0440       287.9615       288.6130       288.4751       287.4775       286.2992       285.1230       284.6342    
 1871   284.3607       284.7094       285.2818       286.1448       287.1223       288.0660       288.6657       288.3786       287.3646       286.2598       285.1507       284.6028    
 1872   284.4721       284.8242       285.4040       286.3730       287.3134       288.2345       288.7023       288.5577       287.5184       286.3507       285.3472       284.7240    
 1873   284.2961       284.7232       285.3915       286.3232       287.0878       288.1149       288.6048       288.3911       287.5709       286.4620       285.3456       284.6733    
 1874   284.7024       285.0547       285.5071       286.3505       287.2684       288.1717       288.7784       288.5928       287.6196       286.3639       285.2251       284.6463    
 1875   284.6145       285.0587       285.7291       286.3199       287.1880       288.1793       288.7727       288.5144       287.7594       286.4620       285.2728       284.4614    
 1876   284.5461       284.7064       285.1377       286.1233       287.1689       288.1484       288.6821       288.4713       287.5296       286.3892       285.3818       284.6723    
 1877   284.6481       284.7427       285.3389       286.2545       287.2146       288.1649       288.7365       288.5206       287.6177       286.4727       285.3590       284.6506    
 1878   284.5685       284.9268       285.5210       286.4104       287.3079       288.2675       288.8645       288.6443       287.7523       286.5103       285.4706       284.6024    
 1879   284.3645       284.9603       285.4434       286.1776       287.1290       288.0651       288.6129       288.5256       287.6486       286.4214       285.5182       284.7947    
 1880   284.5529       285.0236       285.6176       286.3987       287.3242       288.2803       288.8192       288.6629       287.6729       286.5677       285.3860       284.7786    
 1881   284.6472       284.8779       285.4306       286.3948       287.1729       288.1699       288.7534       288.5666       287.6046       286.5276       285.4195       284.8088    
 1882   284.9424       285.2154       285.9059       286.5904       287.4855       288.4205       288.9223       288.8640       287.7567       286.4950       285.3723       284.8263    
 1883   284.5553       284.7275       285.3232       286.1411       287.1568       288.1652       288.8091       288.4804       287.5623       286.3766       285.0475       284.1713    
 1884   284.0205       284.2313       284.8207       285.6184       286.5226       287.4378       288.0594       287.9338       287.0968       285.8225       284.6865       284.0671    
 1885   283.9302       284.3006       285.1139       286.0092       286.7654       287.7757       288.3466       288.1694       287.2370       285.9093       284.7913       284.1685    
 1886   284.1070       284.3726       284.9828       285.8648       286.9210       287.7408       288.3709       288.2561       287.3879       286.0773       284.9915       284.5334    
 1887   284.2585       284.7251       285.3997       286.2795       287.2551       288.0820       288.6780       288.4809       287.5908       286.3398       285.1492       284.5329    
 1888   284.5837       284.6335       285.3982       286.3984       287.2694       288.2760       288.7556       288.5688       287.6136       286.3708       285.4460       284.7926    
 1889   284.8079       285.0118       285.6393       286.4687       287.2183       288.0582       288.7778       288.6396       287.5911       286.3805       285.1508       284.3583    
 1890   284.3873       284.8776       285.4898       286.1544       287.1191       288.0120       288.5973       288.4357       287.5893       286.3595       285.1649       284.3444    
 1891   284.2985       284.7789       285.4308       286.1225       287.0854       288.0473       288.5688       288.2931       287.5871       286.1341       285.0970       284.4879    
 1892   284.5008       284.7496       285.3075       286.1896       287.3098       288.2820       288.7151       288.6105       287.7546       286.6232       285.4382       284.6932    
 1893   284.7475       285.0743       285.8020       286.5712       287.3711       288.3580       288.8842       288.7312       287.8882       286.6066       285.5124       284.9279    
 1894   284.6493       285.0932       285.4666       286.4388       287.2820       288.1031       288.5821       288.4988       287.6616       286.5005       285.3452       284.7985    
 1895   284.4746       284.9787       285.3275       286.2397       287.3046       288.2433       288.7345       288.6364       287.8093       286.6697       285.6927       284.7111    
 1896   284.6951       285.1767       285.6187       286.4772       287.4233       288.3402       288.9278       288.7294       287.9022       286.6870       285.6341       284.9596    
 1897   284.8146       284.9400       285.6733       286.5776       287.5365       288.2578       288.8489       288.7378       288.0425       286.8061       285.5891       284.8446    
 1898   284.8344       284.8433       285.5710       286.3598       287.3779       288.2939       288.9712       288.8691       287.9914       286.7727       285.4645       285.1435    
 1899   284.9693       285.2533       285.9843       286.6907       287.5813       288.4122       288.9908       288.8777       287.8994       286.6891       285.5751       284.8837    
 1900   284.7448       285.1850       285.7800       286.7203       287.7195       288.3773       288.9003       288.8516       288.0243       286.8365       285.6433       284.9015    
 1901   284.9569       285.0228       285.8562       286.6037       287.4658       288.5156       289.0491       288.8989       288.0022       286.6830       285.7090       285.0642    
 1902   284.7230       285.2365       285.7412       286.6299       287.5578       288.4523       289.1372       289.0793       288.1140       286.8724       285.7736       284.9380    
 1903   284.7548       285.0394       285.5823       286.3498       287.2365       288.2570       288.7030       288.6022       287.6163       286.2835       285.3470       284.8279    
 1904   284.7422       285.1155       285.5764       286.3478       287.1766       288.0449       288.8339       288.6494       287.6520       286.3524       285.2387       284.7519    
 1905   284.6754       284.9266       285.4380       286.3459       287.3074       288.1595       288.6797       288.6183       287.6003       286.4055       285.3016       284.7970    
 1906   284.6033       284.8159       285.5028       286.3397       287.2956       288.1340       288.7673       288.4890       287.5397       286.2868       285.3195       284.8015    
 1907   284.5619       285.1414       285.5373       286.4203       287.3690       288.1958       288.7123       288.4715       287.6791       286.4144       285.4479       284.9195    
 1908   284.8888       285.3142       285.6999       286.6968       287.5995       288.6433       289.0284       288.6461       287.6860       286.6028       285.5180       284.8509    
 1909   284.6132       284.8144       285.4934       286.3102       287.1958       288.2356       288.7351       288.5616       287.7438       286.5478       285.5163       284.8532    
 1910   284.7393       285.1687       285.8250       286.5858       287.5005       288.4310       289.0315       288.8425       287.8430       286.4896       285.4192       284.5748    
 1911   284.5598       285.0330       285.6984       286.2988       287.3981       288.2821       288.8325       288.7103       287.8537       286.5901       285.6475       284.8806    
 1912   284.7789       285.1174       285.8727       286.3651       287.3796       288.1229       288.7017       288.3359       287.5515       286.2156       284.9897       284.4721    
 1913   283.9771       284.6037       285.0998       286.0257       287.0888       288.0170       288.5798       288.3298       287.4734       286.3822       285.1672       284.5284    
 1914   284.2566       284.8031       285.3040       286.2566       287.1828       287.9992       288.6735       288.3994       287.6218       286.3164       285.3719       284.4618    
 1915   284.4413       284.8340       285.4743       286.5020       287.3850       288.2570       288.7010       288.5814       287.6566       286.3364       285.1808       284.6669    
 1916   284.3513       284.8526       285.4847       286.3530       287.3380       288.2746       288.7933       288.5293       287.7457       286.5041       285.4396       284.6644    
 1917   284.7457       285.1867       285.6611       286.5245       287.3989       288.2312       288.8408       288.5804       287.4973       286.4143       285.1453       284.6579    
 1918   284.3534       284.6227       285.2600       286.1131       287.0721       288.1099       288.6234       288.4895       287.6017       286.4283       285.2651       284.5572    
 1919   284.2259       284.5299       285.1403       286.2566       287.1535       288.1627       288.6992       288.5872       287.6333       286.4933       285.3958       284.7418    
 1920   284.7763       284.9490       285.4774       286.4599       287.4661       288.4720       289.0865       288.8002       287.7648       286.4310       285.2634       284.7510    
 1921   284.5121       284.8219       285.4680       286.3345       287.3689       288.2561       288.9193       288.4956       287.6305       286.2960       285.2969       284.7595    
 1922   284.9329       285.2841       285.8459       286.5266       287.4444       288.4678       288.9622       288.7726       287.8231       286.5573       285.3041       284.6364    
 1923   284.4377       285.0604       285.5927       286.1898       287.1423       288.0423       288.6080       288.4963       287.6982       286.5385       285.4198       284.7383    
 1924   284.6056       284.8578       285.5479       286.4619       287.5033       288.4131       288.7914       288.6317       287.8496       286.4633       285.3466       284.8349    
 1925   284.8973       284.8587       285.4954       286.4211       287.3457       288.2433       288.8408       288.5748       287.7059       286.4102       285.4104       284.7585    
 1926   284.7729       284.9408       285.8362       286.5549       287.4859       288.3771       288.9158       288.5954       287.6163       286.5131       285.4012       284.8487    
 1927   284.6167       284.9493       285.5396       286.4339       287.3951       288.2378       288.9283       288.6806       287.9893       286.7137       285.4357       284.6456    
 1928   284.7172       285.0290       285.6151       286.3952       287.4158       288.3896       288.9265       288.6257       287.6272       286.4981       285.4270       284.7669    
 1929   284.5162       284.6641       285.5134       286.3056       287.1712       288.0429       288.7726       288.4984       287.5909       286.3523       285.5094       284.7439    
 1930   284.8000       285.0515       285.5932       286.4492       287.2879       288.3179       288.7176       288.5926       287.6518       286.4573       285.3046       284.6902    
 1931   284.5779       284.8277       285.5576       286.2898       287.2242       288.0846       288.8050       288.6428       287.6030       286.5341       285.4760       284.6674    
 1932   284.5872       284.7556       285.4878       286.4023       287.2199       288.0700       288.6523       288.5604       287.6604       286.3699       285.1529       284.5403    
 1933   284.7614       285.0721       285.5753       286.4041       287.2599       288.1261       288.6923       288.3942       287.5394       286.4250       285.3005       284.7541    
 1934   284.7144       284.9440       285.4904       286.4395       287.4066       288.2827       288.8850       288.6980       287.8062       286.5815       285.4351       284.7067    
 1935   284.8438       284.8753       285.3791       286.2805       287.2448       288.0899       288.8463       288.6361       287.7375       286.5563       285.5749       284.8993    
 1936   284.8641       285.1544       285.8079       286.6680       287.6524       288.7257       289.1817       288.9035       287.9166       286.7948       285.7282       284.8741    
 1937   284.6970       284.9531       285.7900       286.5799       287.4996       288.3850       288.9933       288.8223       287.8781       286.5018       285.3928       284.6551    
 1938   284.4733       284.9429       285.6245       286.2681       287.4410       288.3885       288.9842       288.6205       287.8423       286.6294       285.6266       284.7707    
 1939   284.7710       284.9112       285.5530       286.6955       287.5007       288.4248       288.9807       288.8124       287.7598       286.7843       285.5843       284.8788    
 1940   284.6775       284.8101       285.5823       286.3822       287.6039       288.4333       289.0580       288.7733       287.8416       286.6006       285.5366       284.8285    
 1941   284.8440       285.1409       285.6997       286.5676       287.5191       288.4884       288.9033       288.8068       287.9794       286.7662       285.6163       285.0043    
 1942   284.9659       285.4289       285.8903       286.7575       287.5353       288.4735       289.0031       288.8868       287.8617       286.7169       285.3710       284.9468    
 1943   284.7594       285.1340       285.5762       286.3897       287.3244       288.2272       288.9474       288.7945       287.8329       286.6806       285.5265       284.9738    
 1944   284.8188       285.1983       285.7134       286.5271       287.6190       288.5280       289.2921       289.0583       288.0646       286.8610       285.7399       284.9038    
 1945   284.7774       285.0975       285.5886       286.3534       287.3524       288.3948       288.7705       288.6348       287.7627       286.6492       285.5826       284.9745    
 1946   284.6044       284.8526       285.5054       286.4265       287.4514       288.4134       289.1272       288.8886       287.8909       286.8192       285.8281       285.0604    
 1947   284.8811       285.1752       285.8414       286.5971       287.5900       288.5417       289.2190       288.9928       287.9918       286.7543       285.3684       284.8675    
 1948   284.5748       284.8989       285.5698       286.4145       287.4076       288.4574       288.9668       288.9462       288.0316       286.7159       285.7393       285.1094    
 1949   284.9201       285.2255       285.7139       286.6193       287.7014       288.6286       289.0963       288.9165       288.0150       286.6883       285.7325       284.9451    
 1950   284.8169       285.0925       285.7543       286.5130       287.4885       288.3320       288.9834       288.7903       288.0640       286.7881       285.6475       285.0926    
 1951   285.0221       285.1832       285.8064       286.6079       287.6238       288.5541       289.1266       288.8058       287.9607       286.7316       285.4758       284.7457    
 1952   284.7665       284.9049       285.5744       286.4033       287.3375       288.3585       289.0009       288.8843       287.8770       286.7241       285.6475       284.9103    
 1953   284.6787       285.2141       285.6017       286.4249       287.4401       288.3696       288.8788       288.6237       287.8759       286.4601       285.7296       284.8365    
 1954   284.6215       284.9229       285.8212       286.6818       287.4296       288.3778       289.0294       288.7964       287.8055       286.7026       285.5500       284.7427    
 1955   284.7571       285.1051       285.6552       286.4240       287.5201       288.4984       289.0637       288.8161       287.8088       286.6874       285.5204       284.9470    
 1956   284.7883       285.2043       285.6283       286.5401       287.5644       288.4525       289.1138       288.9793       287.9529       286.9279       285.9568       285.3619    
 1957   285.1885       285.4083       286.0980       286.7372       287.6359       288.7951       289.2845       289.0600       288.0471       286.7975       285.6596       285.0053    
 1958   284.7853       285.0698       285.6717       286.5768       287.5449       288.6120       289.1029       288.8434       287.8682       286.6385       285.4619       284.9308    
 1959   284.5774       284.9733       285.7315       286.4183       287.4323       288.3699       288.9799       288.8607       287.9694       286.7507       285.5332       284.9302    
 1960   284.9442       285.0865       285.7909       286.5436       287.6361       288.6537       289.2488       289.0188       288.0997       286.7524       285.5175       284.7614    
 1961   284.8521       285.0155       285.7318       286.5557       287.6785       288.5879       289.0829       288.8758       287.8741       286.7400       285.6765       284.8440    
 1962   284.8157       284.9026       285.6011       286.5227       287.4242       288.3501       288.8647       288.6879       288.0168       286.7461       285.6135       285.0541    
 1963   285.1308       285.3560       285.7228       286.5557       287.4928       288.3804       288.8159       288.6981       287.8496       286.5309       285.3751       284.6986    
 1964   284.2838       284.5458       285.2802       286.0392       287.1389       288.0425       288.6598       288.5273       287.6282       286.4105       285.2690       284.7855    
 1965   284.4578       284.8987       285.2456       286.3147       287.1584       288.1098       288.7380       288.6322       287.7332       286.6281       285.5383       284.7504    
 1966   284.7828       284.9730       285.6432       286.6238       287.5357       288.4532       289.0518       288.8744       287.8867       286.6594       285.5289       284.7003    
 1967   284.5445       284.8276       285.5190       286.4566       287.3607       288.4398       288.9257       288.8558       287.8467       286.7419       285.4257       284.9422    
 1968   284.8772       285.0574       285.8203       286.6185       287.4734       288.4807       289.0704       288.9767       287.9388       286.6310       285.3865       284.9406    
 1969   284.6765       285.0400       285.6228       286.4263       287.5621       288.4362       289.0107       288.7139       287.8115       286.5315       285.2979       284.9187    
 1970   284.6351       285.1063       285.4684       286.3568       287.3159       288.4040       289.1275       288.8495       287.9541       286.6712       285.4904       284.8162    
 1971   284.9305       285.1944       285.7187       286.7960       287.7356       288.6016       289.1189       288.9181       288.1072       286.8634       285.7585       285.1110    
 1972   284.9316       285.0639       285.6829       286.5421       287.5193       288.4300       289.0296       288.8658       287.8826       286.7995       285.5446       284.8431    
 1973   284.6775       284.9451       285.5487       286.3698       287.3976       288.3867       288.8701       288.7523       287.8687       286.6113       285.5104       284.6760    
 1974   285.0062       285.2440       285.6714       286.4840       287.5685       288.4811       289.0792       288.8155       287.9550       286.5644       285.3753       284.7942    
 1975   284.6228       284.8834       285.4128       286.2827       287.3164       288.1686       288.8952       288.7017       287.7431       286.5651       285.5085       284.7352    
 1976   284.4502       284.7609       285.3892       286.3830       287.2829       288.3534       289.0330       288.6237       287.6847       286.5097       285.4175       284.8533    
 1977   284.4192       284.9964       285.6987       286.5841       287.5475       288.4263       288.8783       288.5770       287.7371       286.4916       285.3427       284.9701    
 1978   284.5916       284.9639       285.5078       286.2789       287.3438       288.3423       288.8831       288.6286       287.8924       286.5984       285.5578       284.7916    
 1979   284.6866       285.0757       285.6541       286.5715       287.6010       288.4956       289.1036       288.8201       287.9422       286.7786       285.6875       285.1113    
 1980   284.9397       285.0931       285.7260       286.6081       287.7141       288.5254       289.1463       288.8907       287.9247       286.6674       285.6048       284.7907    
 1981   284.6415       285.3239       285.9644       286.6962       287.5976       288.5148       289.2187       289.1956       288.1362       286.8137       285.7827       285.1790    
 1982   285.1718       285.3474       285.7678       286.7167       287.7043       288.6887       289.1905       288.9844       287.9877       286.5277       285.6359       284.6865    
 1983   284.8517       284.6924       285.5664       286.4720       287.3449       288.2881       288.8322       288.6739       287.7822       286.5545       285.5208       284.6770    
 1984   284.5774       285.0830       285.5811       286.4202       287.5090       288.5066       289.0673       288.9040       287.8692       286.7086       285.6822       285.0440    
 1985   284.5638       284.8940       285.6674       286.5457       287.4237       288.5197       289.0624       288.9727       287.9746       286.7787       285.6987       284.8621    
 1986   284.8773       285.4960       285.7302       286.6538       287.6369       288.6998       289.2800       289.1781       288.2219       287.0058       285.9106       285.0201    
 1987   284.8553       285.1625       285.6991       286.7594       287.6252       288.5567       289.1182       288.8929       288.1443       286.9409       285.8721       285.1793    
 1988   284.7866       285.3093       286.0634       286.7331       287.8046       288.6670       289.2141       288.8632       288.1822       286.8401       285.7303       285.0630    
 1989   284.6920       285.2186       285.8718       286.7387       287.6281       288.6043       289.0311       288.9638       287.9673       286.9426       285.9476       285.2608    
 1990   285.3311       285.4655       286.0588       286.9305       287.8762       288.8415       289.5256       289.1536       288.1923       287.0455       286.1043       285.3553    
 1991   285.2503       285.5535       286.1962       286.8639       287.7692       288.7876       289.4221       289.1873       288.0527       286.9863       285.7648       285.0535    
 1992   284.7743       284.8467       285.4631       286.3723       287.4206       288.2646       288.8232       288.6375       287.7662       286.5685       285.6604       285.1139    
 1993   284.8522       285.0800       285.6356       286.6234       287.5803       288.4910       289.1185       288.9174       288.1391       287.0202       285.8819       285.2784    
 1994   285.1188       285.6075       286.1632       287.0879       287.8239       288.8515       289.2827       289.1463       288.1713       287.0079       285.9657       285.1156    
 1995   284.9483       285.2712       285.9032       286.6231       287.6170       288.5576       289.1699       289.0637       288.1624       287.0472       285.9651       285.2176    
 1996   285.2310       285.4201       285.8560       286.7065       287.7256       288.6324       289.2220       288.9789       288.1125       286.9716       285.7394       285.1887    
 1997   285.0526       285.6762       285.9523       286.8033       288.0472       288.8678       289.4826       289.2638       288.3730       287.1835       286.1280       285.4797    
 1998   285.5369       285.5768       286.1255       286.9272       287.8855       288.6830       289.3578       289.0528       288.1407       287.1561       285.9854       285.3438    
 1999   284.9573       285.3932       285.9049       286.8343       287.7322       288.8253       289.2301       289.2313       288.4806       287.2090       285.9948       285.3521    
 2000   285.3004       285.4769       286.3648       287.0733       288.0813       288.9909       289.4954       289.2182       288.4315       287.1976       285.9324       285.6320    
 2001   285.2851       285.3905       286.1244       286.8629       287.9140       288.7595       289.4726       289.2840       288.4869       287.0930       286.1333       285.5767    
 2002   285.5051       285.7169       286.2829       287.0429       287.9384       288.9430       289.4384       289.3214       288.4054       287.3598       286.4327       285.4801    
 2003   285.1935       285.4814       286.4836       287.2215       288.0930       289.0976       289.6908       289.5303       288.6590       287.3337       286.2920       285.4576    
 2004   285.4828       285.9048       286.3454       287.3115       288.0903       289.1177       289.7632       289.4134       288.5185       287.3672       286.2170       285.7195    
 2005   285.5469       285.9207       286.3320       287.2224       288.1645       289.1196       289.6864       289.5089       288.6465       287.5247       286.4644       285.7253    
 2006   285.5605       285.8713       286.4881       287.3404       288.1582       288.9999       289.5415       289.3839       288.3096       287.2436       286.3060       285.4512    
 2007   285.3657       285.4830       286.0599       286.9465       287.8287       288.9294       289.4935       289.4481       288.4137       287.2552       286.3961       285.4695    
 2008   285.4693       285.7964       286.3959       287.3408       288.0871       289.0849       289.6867       289.4111       288.5060       287.3584       286.2591       285.7001    
 2009   285.5688       285.5518       286.4086       287.2860       288.0556       289.1404       289.7315       289.5251       288.4761       287.4044       286.3669       285.6445    
 2010   285.4679       285.7229       286.5218       287.3766       288.1983       289.2245       289.7732       289.5724       288.7743       287.5892       286.2867       285.5960    
 2011   285.5045       285.7480       286.3072       287.1907       288.0972       289.2291       289.7806       289.6083       288.6423       287.4250       286.4489       285.7100    
 2012   285.6180       285.9667       286.4572       287.3027       288.1735       289.2313       289.7853       289.5364       288.5292       287.3816       286.4440       285.7103    
 2013   285.4388       285.7603       286.2906       287.2419       287.9967       288.8303       289.6702       289.4757       288.5864       287.5983       286.4361       285.6362    
 2014   285.8779       286.0958       286.7574       287.3536       288.3296       289.2818       289.8411       289.6028       288.6687       287.5874       286.4646       285.8741    
 2015   285.6154       285.7867       286.3698       287.2489       288.0923       289.0086       289.5908       289.4955       288.6595       287.4807       286.3503       285.7355    
 2016   285.3636       285.6836       286.3296       287.2255       288.0749       289.1437       289.8378       289.5961       288.7018       287.4380       286.3164       285.7383    
 2017   285.5075       285.9326       286.5885       287.2976       288.2721       289.2680       289.7934       289.6334       288.7257       287.4903       286.4963       285.8196    
 2018   285.4747       285.8306       286.2748       287.2140       288.2314       289.1400       289.7256       289.5851       288.7053       287.6265       286.5733       285.9397    
 2019   285.9171       286.1530       286.6913       287.4005       288.3725       289.2050       289.7855       289.5828       288.6933       287.4641       286.3600       285.7866    
 2020   285.4197       285.7780       286.2854       287.3471       288.2348       289.2031       289.6781       289.6056       288.7466       287.5343       286.4878       285.8071    
 2021   285.6555       285.8758       286.5248       287.3932       288.3214       289.2700       289.9242       289.8435       288.9467       287.7189       286.7349       286.1052    
 2022   285.8177       286.2315       286.6494       287.5070       288.4295       289.4339       289.9778       289.8846       288.9802       287.7962       286.7888       285.9220    
 2023   285.5665       285.9549       286.4904       287.3610       288.2781       289.1586       289.8442       289.7535       288.9390       287.8861       286.7335       286.0886    
 2024   286.1072       286.4431       286.8769       287.6377       288.5443       289.4356       290.0544       289.8289       288.9957       287.6407       286.7086       285.9417    
 2025   285.7693       285.9214       286.5911       287.5309       288.3794       289.3360       289.8972       289.8434       288.9254       287.7923       286.7669       285.9556    
 2026   285.8625       286.0394       286.5110       287.5660       288.3057       289.4210       290.0196       289.8798       289.0946       287.9626       286.8450       286.2591    
 2027   285.9846       286.0669       286.7481       287.4759       288.4368       289.2964       289.9394       289.9003       289.0204       287.7807       286.6881       286.0956    
 2028   285.7346       286.0149       286.8145       287.4982       288.4618       289.4760       289.9735       290.0011       288.8709       287.7884       286.8224       286.2397    
 2029   286.1536       286.2475       286.9866       287.8477       288.6365       289.5969       290.2047       290.1478       289.2486       288.0362       286.9026       286.3135    
 2030   286.0112       286.5791       287.0264       287.6052       288.5340       289.5540       290.2120       290.0815       289.2344       288.0577       286.9576       286.5474    
 2031   286.1800       286.4008       287.0435       287.6929       288.6662       289.6102       290.1591       290.1242       289.2332       288.1113       287.1343       286.3117    
 2032   286.1095       286.3781       286.9905       287.7430       288.7025       289.7422       290.3542       290.2498       289.2903       288.1319       287.1931       286.3534    
 2033   286.3044       286.4193       286.9936       287.8857       288.7807       289.8153       290.2667       290.0615       289.2696       288.1848       287.1999       286.3810    
 2034   286.2955       286.2827       286.6833       287.4977       288.6131       289.4705       289.9875       289.9245       288.9620       287.9718       286.8199       286.1317    
 2035   286.0367       286.1370       286.6528       287.5992       288.4929       289.5370       290.1615       290.1491       289.2906       287.9902       287.1953       286.4982    
 2036   286.4015       286.7540       287.0869       287.9577       288.8862       289.7898       290.2735       290.2365       289.3806       288.3431       287.1303       286.5452    
 2037   286.1189       286.4408       287.1158       287.8880       288.7289       289.7216       290.3112       290.1641       289.3470       288.3089       287.2498       286.4023    
 2038   286.2556       286.5053       286.9437       287.7934       288.7170       289.6725       290.3019       290.1054       289.3172       288.2590       287.3757       286.6865    
 2039   286.5275       286.8334       287.1704       287.9948       288.9151       289.7266       290.3408       290.3295       289.5093       288.3032       287.4205       286.6755    
 2040   286.3201       286.6187       287.4007       288.0095       288.9276       289.8759       290.3862       290.2940       289.4511       288.2285       287.2441       286.5916    
 2041   286.3344       286.7658       287.4078       288.0786       289.0001       289.9949       290.5453       290.4929       289.5323       288.4890       287.4160       286.6007    
 2042   286.7307       286.8803       287.4489       288.2235       289.0328       290.0349       290.5548       290.4222       289.5116       288.4227       287.4565       286.6938    
 2043   286.2909       286.5204       287.2602       288.1802       288.8624       289.8693       290.6472       290.4482       289.7583       288.6010       287.4813       286.5853    
 2044   286.5986       286.9314       287.2145       288.0869       289.0606       289.9844       290.5538       290.5009       289.7431       288.5989       287.6051       286.5533    
 2045   286.8470       286.8720       287.1044       288.1215       289.1141       290.0546       290.7062       290.5073       289.6927       288.4243       287.4672       286.7265    
 2046   286.7910       286.9540       287.3754       288.1035       289.0306       289.9748       290.6547       290.5024       289.7065       288.5749       287.4882       286.8983    
 2047   286.7265       287.1076       287.5307       288.3133       289.1880       290.1597       290.7678       290.6689       289.8298       288.6673       287.6835       286.7923    
 2048   286.6246       286.9846       287.4962       288.2584       289.2198       290.0963       290.6694       290.6308       289.7332       288.6652       287.4696       286.6575    
 2049   286.4989       286.7823       287.3713       288.1245       289.2220       290.0633       290.8324       290.6892       289.8009       288.6640       287.5120       286.9195    
 2050   286.7776       287.1435       287.5766       288.4416       289.2537       290.2402       290.9018       290.6671       289.9062       288.9016       287.7878       286.9993    
 2051   286.8238       286.9131       287.4813       288.3355       289.1061       290.1563       290.7175       290.5906       289.6942       288.4960       287.6703       287.0044    
 2052   286.7341       287.0074       287.5678       288.2216       289.2151       290.1383       290.7342       290.7938       289.8779       288.7223       287.8775       287.3149    
 2053   287.1688       287.3693       287.9856       288.6209       289.3745       290.3230       291.0274       290.8362       289.9109       288.8857       287.8258       287.2238    
 2054   286.8982       287.2149       287.7271       288.5620       289.4201       290.2897       290.9886       290.8894       290.0945       288.9350       288.1355       287.4207    
 2055   287.1362       287.6812       287.9093       288.7714       289.4121       290.3734       290.8928       290.8820       290.1123       288.9296       288.0020       287.0902    
 2056   287.0863       287.2486       287.8852       288.4999       289.4599       290.3346       291.0137       290.9588       290.1287       289.0534       288.0330       287.2859    
 2057   287.4705       287.6568       288.1018       288.7758       289.7930       290.6845       291.2975       291.0759       290.2603       289.0743       288.1811       287.3813    
 2058   287.1817       287.4688       287.8700       288.5481       289.4872       290.3674       291.0616       291.0082       290.1070       289.1355       288.2854       287.4842    
 2059   287.3438       287.5945       288.0015       288.5874       289.5405       290.5764       291.1463       291.0376       290.1865       289.1785       288.1479       287.4104    
 2060   287.2482       287.2663       287.9830       288.5558       289.5332       290.4335       291.0771       291.1701       290.3474       289.1922       288.1594       287.5982    
 2061   287.4868       287.3594       288.1019       288.7544       289.6926       290.6351       291.2915       291.1564       290.2257       289.2042       288.1995       287.4632    
 2062   287.4194       287.3196       287.9627       288.7498       289.7549       290.6724       291.3764       291.2380       290.4348       289.3405       288.3843       287.6648    
 2063   287.5140       287.7778       288.2668       289.0579       289.7771       290.7504       291.4462       291.4550       290.5510       289.4542       288.4639       287.7129    
 2064   287.6193       287.8662       288.0472       288.9083       289.7332       290.7235       291.4369       291.2860       290.5551       289.3686       288.4677       287.9174    
 2065   287.5792       287.7838       288.2104       288.9999       289.7803       290.8091       291.5772       291.3992       290.5251       289.3939       288.4267       287.8997    
 2066   287.5529       287.7139       288.2408       288.8498       289.8613       290.6694       291.4584       291.4585       290.5950       289.5713       288.6109       287.9857    
 2067   287.9361       287.8721       288.5176       289.0369       290.1040       291.0091       291.8103       291.6328       290.6407       289.7268       288.5767       287.8446    
 2068   287.5398       287.8225       288.4524       289.1672       290.0240       290.9123       291.5666       291.5692       290.6884       289.6176       288.7897       288.0367    
 2069   287.8430       288.1241       288.5109       289.3604       290.1074       291.1373       291.7708       291.5668       290.7622       289.5415       288.6868       287.9200    
 2070   287.6228       287.7392       288.5071       289.1160       289.9626       290.9743       291.4691       291.4553       290.6695       289.5688       288.6570       287.9952    
 2071   287.9235       287.9051       288.2407       288.9977       289.9401       290.9270       291.5820       291.7110       290.7944       289.7274       288.8246       288.3506    
 2072   288.0107       288.0686       288.6828       289.3609       290.2902       291.1187       291.7929       291.8209       290.9972       289.7500       288.7533       288.1281    
 2073   287.7534       288.1310       288.4671       289.2466       290.0995       291.0108       291.6587       291.6187       290.9061       289.7666       288.6435       288.0417    
 2074   287.9887       288.1998       288.6263       289.2276       290.1618       291.1514       291.9156       291.7797       291.0486       289.9913       289.0948       288.4594    
 2075   288.2802       288.6504       288.8098       289.4391       290.3957       291.3513       292.0673       291.9486       291.0406       289.8685       288.9236       288.2251    
 2076   288.2249       288.1691       288.7242       289.3606       290.2982       291.2895       291.9705       291.8813       291.0077       289.9847       288.8627       288.2804    
 2077   288.1803       288.5193       288.8797       289.7040       290.4421       291.3702       292.1931       292.1326       291.1949       290.1116       289.0749       288.3707    
 2078   288.2208       288.4046       288.7909       289.5029       290.4405       291.3437       292.1111       291.9802       291.1382       290.3007       289.2104       288.7033    
 2079   288.6158       288.6709       288.9760       289.6251       290.4677       291.6008       292.1985       292.2297       291.4930       290.1695       289.1802       288.6404    
 2080   288.4417       288.7396       289.1484       289.8002       290.7027       291.5460       292.2080       292.1977       291.4406       290.2032       289.2639       288.7823    
 2081   288.5632       288.7253       289.0550       289.7348       290.5958       291.4785       292.1937       292.1794       291.3574       290.2776       289.2399       288.7589    
 2082   288.5488       288.6725       289.0979       289.8649       290.6251       291.5486       292.1300       292.2890       291.4742       290.1556       289.2216       288.8687    
 2083   288.6979       288.6771       289.1645       289.6935       290.6390       291.4633       292.2471       292.2394       291.5613       290.2827       289.3040       288.8208    
 2084   288.6995       289.0124       289.2798       290.1089       290.8407       291.7562       292.3605       292.3121       291.4919       290.4343       289.4026       288.8860    
 2085   288.6671       288.8523       289.2502       289.8336       290.6803       291.5060       292.2593       292.1824       291.4854       290.3956       289.4601       288.8541    
 2086   288.7996       288.8571       289.1852       289.9324       290.8075       291.7311       292.4373       292.5345       291.6307       290.4658       289.3865       288.7972    
 2087   288.7691       288.9781       289.4768       289.9144       290.8521       291.8510       292.5119       292.3934       291.5240       290.4811       289.4547       288.9009    
 2088   288.8227       288.9926       289.3156       290.0451       290.7636       291.8205       292.5381       292.4928       291.5739       290.5392       289.6176       289.0584    
 2089   288.9554       289.0088       289.3026       290.0878       290.9426       291.8986       292.5996       292.5869       291.8396       290.5076       289.5376       288.9640    
 2090   288.8057       288.8282       289.2742       289.8583       290.7020       291.8799       292.5879       292.5230       291.7261       290.6579       289.7174       289.2532    
 2091   289.2514       289.2187       289.7032       290.0937       290.8703       291.9498       292.8043       292.7804       291.8387       290.7983       289.9333       289.2126    
 2092   289.2199       289.2449       289.5905       290.2340       291.0486       292.0540       292.8156       292.7610       291.9219       290.8805       289.9492       289.2229    
 2093   289.2082       289.5116       289.7075       290.3637       291.2795       292.1444       292.9081       292.8585       292.0243       290.9039       289.9197       289.2892    
 2094   289.1741       289.4512       289.7718       290.4193       291.2207       292.1257       292.7287       292.7521       292.1430       290.8686       289.8977       289.3522    
 2095   289.3195       289.1384       289.7095       290.3107       291.1808       292.1508       292.7929       292.6777       292.0172       290.8936       289.9327       289.3943    
 2096   289.1963       289.2772       289.6149       290.4270       291.2565       292.1872       292.8237       292.9798       292.2188       291.0511       289.9952       289.5013    
 2097   289.4703       289.5397       289.9046       290.6052       291.3555       292.3100       292.9449       293.0510       292.1348       291.0145       290.0513       289.5936    
 2098   289.3665       289.5028       289.7885       290.4887       291.3425       292.2778       293.0869       293.0637       292.2518       291.1392       290.0596       289.5121    
 2099   289.3239       289.3662       289.9403       290.4918       291.3151       292.2164       293.0186       292.8929       292.1371       290.9904       290.1130       289.6135    
 2100   289.1123       289.5099       289.8829       290.5133       291.3236       292.4024       293.1461       293.1035       292.2743       291.0828       290.1728       289.4771    
 2101   289.5336       289.4404       289.9536       290.5423       291.3914       292.5464       293.2552       293.2242       292.3264       291.1570       290.2582       289.8896    
 2102   289.4514       289.6262       290.0670       290.7390       291.4329       292.3463       293.1229       293.0194       292.2117       291.0860       290.2739       289.5512    
 2103   289.4884       289.5135       289.8146       290.6211       291.4450       292.4545       293.2223       293.2722       292.4067       291.4622       290.4306       289.6973    
 2104   289.8999       289.9651       290.0030       290.9626       291.6837       292.5342       293.2682       293.3203       292.4388       291.3463       290.3770       289.8184    
 2105   289.5828       289.8156       290.1673       290.9252       291.5498       292.5712       293.4228       293.2170       292.4615       291.3148       290.3430       289.8371    
 2106   290.0117       289.8676       290.1155       290.7993       291.7075       292.6268       293.2564       293.5329       292.6404       291.4468       290.3999       289.7917    
 2107   289.8560       290.0070       290.3693       290.9179       291.6620       292.5995       293.3142       293.4257       292.5501       291.4280       290.3846       289.7157    
 2108   289.8812       289.8742       290.1114       290.8483       291.6080       292.6295       293.3146       293.3263       292.7587       291.6285       290.6031       289.9847    
 2109   290.0697       289.9290       290.5053       290.9900       291.9623       293.0166       293.6137       293.4838       292.7447       291.5246       290.3560       289.9238    
 2110   289.7173       290.1384       290.3765       291.0809       291.8427       292.8631       293.6050       293.6967       292.8937       291.6623       290.7441       290.1927    
 2111   290.2514       290.2678       290.5866       291.0135       291.8807       292.9975       293.7028       293.6848       292.8284       291.7176       290.7620       290.2397    
 2112   290.1349       290.2983       290.5227       291.0169       292.0546       292.8844       293.5363       293.6519       292.8616       291.6053       290.6515       290.2718    
 2113   289.9508       290.2574       290.5502       291.1620       291.9297       292.9116       293.6623       293.7378       292.9455       291.8405       290.8215       290.3480    
 2114   290.3043       290.3755       290.5635       291.2565       291.9120       292.9250       293.7105       293.7936       292.8882       291.7817       290.7234       290.2081    
 2115   290.0695       290.3488       290.6422       291.1686       292.0002       292.9922       293.8438       293.7389       292.9737       292.0002       290.9008       290.4866    
 2116   290.2817       290.5914       291.0313       291.4105       292.1747       293.1403       294.0196       293.9701       293.2310       292.0382       291.0964       290.4674    
 2117   290.2044       290.3561       290.7773       291.3832       292.2185       292.9377       293.8309       293.8698       293.0979       291.9218       291.0079       290.4090    
 2118   290.7073       290.6681       290.8614       291.2645       292.1132       293.1606       293.9784       293.8666       293.1534       292.0307       291.0619       290.4804    
 2119   290.5600       290.5575       290.8553       291.3406       292.2765       293.2207       293.8621       293.9680       293.0266       292.0042       290.9474       290.5196    
 2120   290.4372       290.6693       290.9359       291.3879       292.2254       293.1094       293.9538       294.0960       293.3224       292.0554       291.2306       290.6609    
 2121   290.7809       290.9705       291.0574       291.5059       292.3174       293.3863       294.1527       294.1117       293.2934       292.1740       291.0397       290.6616    
 2122   290.5822       290.6979       291.0882       291.5608       292.3000       293.3033       293.9778       293.9543       293.2560       292.0251       291.0651       290.4135    
 2123   290.5021       290.6578       290.9071       291.4400       292.2321       293.2433       293.9065       293.9745       293.2453       292.3201       291.2969       290.7241    
 2124   290.8487       291.0088       291.2584       291.7561       292.4997       293.4522       294.2779       294.3237       293.4570       292.1678       291.2513       290.8555    
 2125   290.7758       291.1633       291.4347       291.8354       292.4635       293.5669       294.3815       294.1729       293.4014       292.3036       291.4054       290.7688    
 2126   290.7691       290.9148       291.2485       291.7365       292.5124       293.4294       294.2489       294.3123       293.5014       292.2641       291.2365       290.6944    
 2127   290.5882       290.8009       291.2996       291.7838       292.3255       293.2686       294.1551       294.3207       293.5334       292.3472       291.2785       290.7624    
 2128   290.7200       290.7773       291.0968       291.8946       292.6464       293.5755       294.3599       294.3756       293.4401       292.2943       291.5010       290.9315    
 2129   290.9321       291.2452       291.2302       291.7999       292.4149       293.5088       294.1863       294.3896       293.5427       292.5218       291.4761       291.0442    
 2130   291.0087       291.0584       291.3332       291.7934       292.6869       293.7327       294.4507       294.4750       293.6721       292.5712       291.6377       290.9670    
 2131   291.0012       291.2703       291.3853       292.0929       292.8506       293.9450       294.6508       294.6553       293.8974       292.6846       291.4855       291.0382    
 2132   291.1035       291.2804       291.5280       292.1260       292.8834       293.8380       294.6482       294.6155       293.7525       292.6263       291.5719       290.9519    
 2133   290.9923       291.1509       291.3653       292.0267       292.8358       293.7536       294.5829       294.5539       293.8789       292.8500       291.7346       291.1328    
 2134   291.0428       291.1922       291.6150       292.0806       292.9621       293.8562       294.6570       294.6363       293.8309       292.4912       291.5114       291.1249    
 2135   291.1193       291.3404       291.7377       292.1118       292.8121       293.9126       294.6768       294.7844       293.7639       292.6587       291.7318       291.2850    
 2136   291.0724       291.3434       291.5877       292.3128       292.8994       293.9100       294.7412       294.6578       293.7412       292.7663       291.5970       291.2611    
 2137   291.2377       291.4012       291.7040       292.2265       292.9839       294.0443       294.6261       294.6852       294.0348       292.8814       291.7550       291.3008    
 2138   291.3386       291.3461       291.6014       292.1739       292.9847       293.8644       294.6334       294.7770       293.9951       292.7354       291.8640       291.3369    
 2139   291.2833       291.5974       291.8203       292.2812       292.9861       294.0423       294.7880       294.9048       294.1905       293.0171       292.0852       291.5938    
 2140   291.4464       291.4860       291.8639       292.3302       293.1721       294.2627       294.8969       294.8112       293.9562       292.7664       291.8121       291.4247    
 2141   291.3987       291.8420       291.9514       292.3838       293.0618       294.0560       294.9377       294.9062       294.0185       292.9485       291.9866       291.4419    
 2142   291.3920       291.7242       291.7789       292.3264       293.1053       294.1005       294.9928       295.0176       294.1571       293.0896       292.0057       291.4573    
 2143   291.3548       291.5583       291.8401       292.4395       293.2136       294.1923       295.1161       295.1417       294.2963       293.0907       292.1919       291.6354    
 2144   291.4877       291.7081       291.9825       292.5161       293.3087       294.3561       295.2318       295.1388       294.3673       293.1206       292.0506       291.5286    
 2145   291.6423       291.6648       292.0369       292.6084       293.3033       294.2607       295.0360       295.2009       294.3230       293.3415       292.0755       291.8000    
 2146   291.8070       292.0598       292.1313       292.6322       293.2505       294.3183       295.1320       295.0988       294.1357       293.1490       291.9353       291.5677    
 2147   291.3669       291.8034       291.9288       292.5548       293.3011       294.2415       295.1793       295.2655       294.4304       293.2781       292.3593       291.7663    
 2148   291.8115       291.9424       292.2100       292.7029       293.4910       294.4814       295.2979       295.3026       294.4650       293.2298       292.1432       291.7361    
 2149   291.6254       291.8085       292.2416       292.7714       293.4127       294.5791       295.3432       295.2907       294.4953       293.3873       292.4162       291.9013    
 2150   291.9043       291.9558       292.2838       292.6611       293.5923       294.6430       295.3628       295.3128       294.4709       293.3731       292.1771       291.7975    
 2151   291.6042       291.6782       292.1943       292.5797       293.4106       294.3905       295.1568       295.2152       294.4969       293.4032       292.3426       291.9124    
 2152   291.6880       291.9267       292.3053       292.6183       293.6367       294.6084       295.1825       295.3006       294.4285       293.2432       292.3387       291.6618    
 2153   291.7074       291.9380       292.2903       292.7034       293.4550       294.5405       295.3332       295.3048       294.6074       293.5017       292.3913       291.9287    
 2154   291.6725       291.9727       292.4057       292.8891       293.7758       294.7791       295.5442       295.6418       294.8164       293.5543       292.5489       291.8885    
 2155   291.7748       292.2705       292.3637       292.8887       293.6518       294.6833       295.4641       295.3688       294.7298       293.5068       292.6196       291.9665    
 2156   291.9408       292.4879       292.6866       293.1734       293.7290       294.8397       295.5894       295.4577       294.6284       293.4653       292.3801       291.8869    
 2157   292.0315       292.0257       292.5206       293.0295       293.6807       294.6987       295.6428       295.6581       294.8938       293.6596       292.6395       292.1365    
 2158   292.2197       292.5193       292.7195       293.2185       293.9884       294.9734       295.7065       295.8481       294.8968       293.8002       292.7936       292.0714    
 2159   292.0399       292.3096       292.6201       293.0023       293.6983       294.7398       295.6274       295.8244       294.9813       293.8438       292.8486       292.2884    
 2160   292.2337       292.5734       292.8493       293.3212       294.0738       295.1489       295.8351       295.7841       294.9205       293.9535       292.8681       292.2698    
 2161   292.2657       292.3985       292.6611       293.2628       294.0455       295.1967       295.8262       295.9163       295.1538       293.9872       292.9010       292.3382    
 2162   292.3528       292.5343       292.7529       293.1876       293.9453       294.8795       295.6859       295.7369       294.7972       293.7772       292.7313       292.2455    
 2163   292.2394       292.4810       292.8739       293.1983       294.0279       294.9578       295.6474       295.6760       294.9535       293.8453       292.8657       292.1394    
 2164   292.2425       292.4478       292.8178       293.3500       294.0394       295.1707       295.9470       295.9726       295.1494       293.9395       292.7249       292.0799    
 2165   292.2487       292.5344       292.7726       293.2781       294.0358       295.0363       295.8342       295.9195       295.2196       293.9111       292.9659       292.5493    
 2166   292.5166       292.3758       292.7234       293.2543       293.9789       294.9951       295.8879       295.9122       295.1394       293.9626       292.8766       292.3015    
 2167   292.3161       292.5017       292.7886       293.3553       294.1083       295.1786       296.0300       296.1373       295.3009       294.1565       293.1482       292.6356    
 2168   292.4128       292.6655       293.0307       293.3975       294.0973       295.0612       295.9394       296.0196       295.2217       293.9906       292.9327       292.3512    
 2169   292.4236       292.7046       292.8748       293.4957       294.1327       295.2982       296.0950       296.0490       295.2851       293.9900       293.1287       292.6622    
 2170   292.7153       292.9335       293.1035       293.5723       294.1644       295.1397       296.0582       296.1215       295.4122       294.2057       293.2155       292.4799    
 2171   292.6538       292.8614       293.1461       293.5702       294.4058       295.3514       296.1122       296.1244       295.2683       294.1889       293.1405       292.6226    
 2172   292.5333       292.7822       293.1625       293.5503       294.2963       295.3737       296.1804       296.3452       295.4287       294.0923       293.2399       292.7526    
 2173   292.5902       292.7545       292.9737       293.4476       294.2449       295.3665       296.1086       296.1814       295.4504       294.2168       293.0750       292.6991    
 2174   292.8973       292.7463       293.0767       293.6870       294.3649       295.4422       296.2212       296.2391       295.5877       294.2842       293.1839       292.6519    
 2175   292.8957       292.8319       293.2645       293.6938       294.2731       295.2232       296.1283       296.1737       295.4419       294.2533       293.1281       292.6632    
 2176   292.4777       293.0104       293.2885       293.7210       294.4525       295.3874       296.2567       296.2976       295.6782       294.4280       293.4162       292.7528    
 2177   292.8618       293.1248       293.3155       293.5266       294.3062       295.2978       296.2268       296.3488       295.5477       294.3533       293.4404       292.7001    
 2178   292.7495       293.0583       293.3837       293.6401       294.4679       295.4765       296.2403       296.4022       295.4637       294.3925       293.3437       292.8951    
 2179   292.7743       293.0496       293.2450       293.7185       294.4284       295.3986       296.2713       296.3381       295.5759       294.4176       293.5024       292.9070    
 2180   292.7349       293.1191       293.3136       293.7015       294.4938       295.6129       296.3993       296.5035       295.7826       294.4768       293.5148       292.9301    
 2181   293.1372       293.2751       293.6007       294.0760       294.6331       295.7196       296.5092       296.5605       295.8071       294.6117       293.4662       293.1322    
 2182   292.9877       293.2780       293.5525       294.0111       294.7680       295.8716       296.6260       296.5677       295.8141       294.7390       293.6259       293.0204    
 2183   292.8205       293.1655       293.5411       294.0527       294.7431       295.6163       296.5219       296.7340       295.9281       294.7654       293.5607       293.0565    
 2184   293.1292       293.3680       293.7870       294.0672       294.7523       295.7175       296.6108       296.8389       296.0428       294.6563       293.6508       293.1905    
 2185   293.0667       293.4588       293.6058       294.0078       294.7855       295.7509       296.5652       296.6776       295.9019       294.7514       293.7237       293.2148    
 2186   293.2246       293.6006       293.6351       294.1707       294.8239       295.8180       296.6868       296.8622       295.9035       294.8368       293.8041       293.1240    
 2187   293.1355       293.5202       293.6113       294.0401       294.7855       295.8707       296.5736       296.5906       296.0341       294.7072       293.6474       293.2157    
 2188   293.2473       293.4504       293.6695       294.0468       294.7945       295.9166       296.6164       296.6751       295.9885       294.8321       293.5710       293.0613    
 2189   293.1085       293.2474       293.6742       294.0531       294.8755       295.8990       296.6671       296.6226       295.8528       294.7174       293.6727       293.0835    
 2190   293.1799       293.5053       293.7656       294.0113       294.7389       295.7707       296.6427       296.8443       295.9940       294.7871       293.8366       293.3832    
 2191   293.4334       293.6169       293.8758       294.1933       294.9924       296.0239       296.7765       296.8130       296.0270       294.8474       293.7039       293.1261    
 2192   293.2227       293.3272       293.8233       294.1901       294.8719       295.8739       296.7604       296.7688       295.9764       294.7894       293.9243       293.2918    
 2193   293.5538       293.4462       293.9636       294.4134       295.0524       296.1873       297.0029       297.1386       296.2410       294.9939       293.9877       293.2220    
 2194   293.2783       293.6435       293.8074       294.1174       294.9207       296.0668       296.8548       296.9890       296.0797       294.9055       293.9388       293.4079    
 2195   293.2947       293.6981       294.0324       294.1888       294.9390       295.8854       296.7311       296.7675       296.1822       294.8986       293.7079       293.3660    
 2196   293.3737       293.6064       293.9204       294.3245       295.1487       295.9497       296.8609       296.9968       296.1208       294.8954       293.8792       293.3462    
 2197   293.4634       293.6265       293.9595       294.3511       295.0557       296.0768       296.9258       296.9764       296.2574       294.9988       293.9483       293.3185    
 2198   293.4794       293.6132       293.9152       294.4843       295.0548       296.2260       297.1082       297.1746       296.4478       295.2412       294.2207       293.5031    
 2199   293.6786       293.5909       294.1234       294.4221       295.1550       296.1761       296.9323       297.1339       296.1596       295.0900       294.0918       293.4550    
 2200   293.3647       293.9052       294.1085       294.3300       295.0612       296.1327       296.9328       297.0691       296.2945       295.2549       294.1160       293.5716    
 2201   293.4835       293.6974       294.1179       294.5373       295.1971       296.3234       297.0656       297.1924       296.4014       295.1676       294.1200       293.6329    
 2202   293.5096       293.6866       293.9669       294.3723       295.2096       296.1369       297.0732       297.1469       296.3528       295.1306       294.1461       293.5262    
 2203   293.7126       293.7359       294.2736       294.5492       295.2416       296.1978       296.9621       297.1721       296.3511       295.3373       294.2572       293.6734    
 2204   293.6016       294.0741       294.1786       294.7141       295.3958       296.3593       297.2322       297.2192       296.4102       295.0750       294.0992       293.4435    
 2205   293.4497       293.9236       294.1529       294.5173       295.2966       296.2605       297.1065       297.1949       296.5218       295.2904       294.2618       293.6306    
 2206   293.8235       293.9678       294.0278       294.5390       295.1787       296.3601       297.0996       297.1967       296.4321       295.2195       294.0337       293.5220    
 2207   293.6984       293.7487       294.2514       294.5594       295.4390       296.3617       297.2990       297.3008       296.6173       295.3086       294.0262       293.7417    
 2208   293.5948       293.8510       294.2497       294.5937       295.4353       296.3075       297.1996       297.3372       296.4447       295.2405       294.2025       293.6426    
 2209   293.6585       293.9704       294.2057       294.7155       295.3868       296.3987       297.3539       297.4349       296.5152       295.3477       294.3461       293.7773    
 2210   294.0038       294.0117       294.2058       294.6662       295.4529       296.4530       297.2118       297.3203       296.5349       295.4494       294.2645       293.6918    
 2211   293.8129       293.9608       294.3627       294.8241       295.4700       296.5094       297.2675       297.4434       296.6469       295.4297       294.2885       293.6547    
 2212   293.7513       293.8555       294.2899       294.7022       295.4512       296.4302       297.3369       297.3531       296.4626       295.3580       294.2885       293.5800    
 2213   293.9445       294.0399       294.3100       294.6849       295.5270       296.4815       297.2574       297.4321       296.7526       295.4288       294.3404       293.9290    
 2214   293.9778       294.4146       294.5919       294.9448       295.6210       296.4671       297.4039       297.5555       296.7899       295.6177       294.3921       293.8929    
 2215   294.0307       294.2227       294.5838       294.8906       295.5839       296.6763       297.4204       297.5834       296.8429       295.6915       294.5346       294.0772    
 2216   294.0422       294.1462       294.4645       294.9976       295.6817       296.6959       297.5809       297.5724       296.8818       295.5118       294.3704       293.9335    
 2217   293.8392       294.1916       294.3130       294.8131       295.5782       296.5287       297.4098       297.4781       296.7577       295.6215       294.5485       293.8948    
 2218   293.9350       294.0916       294.5552       294.8768       295.6574       296.6659       297.4975       297.6357       296.8285       295.7119       294.6892       294.0101    
 2219   294.2839       294.3529       294.5601       295.0385       295.6333       296.5856       297.4702       297.5497       296.8846       295.5895       294.6021       294.0278    
 2220   294.0360       294.1257       294.5245       294.9924       295.7084       296.6520       297.5721       297.6696       296.8900       295.7988       294.6923       294.1990    
 2221   294.2830       294.4520       294.6266       295.0462       295.7577       296.7293       297.6196       297.6445       296.8811       295.7734       294.8333       294.1220    
 2222   294.2084       294.0581       294.6664       294.9310       295.6873       296.7294       297.5715       297.6966       296.9627       295.8541       294.7903       294.3628    
 2223   294.2900       294.7123       294.8831       295.2593       295.8917       296.8972       297.8226       297.9523       297.1924       296.0196       294.8976       294.3297    
 2224   294.2937       294.5591       294.8253       295.2573       295.9061       296.8673       297.6940       297.7935       297.1090       295.7856       294.8389       294.1595    
 2225   294.2536       294.5743       294.7690       295.3014       295.8044       296.7695       297.5083       297.8019       296.9638       295.7523       294.8536       294.3440    
 2226   294.0334       294.4949       294.8878       295.2129       295.9879       296.9778       297.7287       297.7578       297.1187       295.9276       294.8073       294.2625    
 2227   294.3761       294.6478       294.9557       295.2604       295.7992       296.7622       297.5487       297.8172       297.1801       296.0001       294.7922       294.3095    
 2228   294.3470       294.4232       294.5991       295.2095       295.8978       296.8914       297.8012       297.8558       297.3069       296.0724       295.0037       294.3212    
 2229   294.3625       294.6276       294.7749       295.1266       295.9980       296.9488       297.8663       297.9737       297.0996       295.7743       294.7157       294.2676    
 2230   294.2905       294.5296       294.7598       295.1788       295.7425       296.8387       297.6255       297.8554       297.0841       295.9137       294.8625       294.5234    
 2231   294.4589       294.7791       295.0129       295.4334       296.0168       297.0284       297.8967       297.9568       297.3769       296.1555       294.9682       294.4871    
 2232   294.4654       294.6042       294.6901       295.2483       295.9431       297.0400       297.7916       298.0163       297.1344       295.9021       294.8167       294.2842    
 2233   294.3090       294.5990       294.7872       295.2452       295.9110       296.9979       297.9113       298.1321       297.2035       296.0694       295.0050       294.4821    
 2234   294.5973       294.6996       295.0099       295.5354       296.0929       297.1197       298.0021       298.1610       297.2686       295.9716       294.9030       294.4826    
 2235   294.3610       294.7057       294.9927       295.4616       295.9743       297.1298       297.8735       298.1067       297.3311       296.1302       295.1022       294.6066    
 2236   294.5995       294.9780       295.1003       295.4838       296.1502       297.2405       298.0936       298.2306       297.3994       296.1062       295.0883       294.5355    
 2237   294.4490       294.5975       294.8766       295.3492       295.9887       297.1615       298.0029       298.0709       297.2471       296.2670       295.1117       294.4601    
 2238   294.4036       294.7839       294.9686       295.5029       296.1271       297.1528       297.9999       298.1507       297.4514       296.1683       295.1039       294.5209    
 2239   294.5134       294.8520       294.9815       295.4928       296.2287       297.1173       297.9523       298.0908       297.2957       296.0511       294.9799       294.4188    
 2240   294.4534       294.6965       294.8428       295.4122       295.9553       297.0662       297.9265       297.9586       297.2892       296.1125       295.0959       294.5167    
 2241   294.7367       294.9362       294.9387       295.3767       296.0364       297.0468       298.0363       298.1794       297.4807       296.1711       295.1930       294.5930    
 2242   294.4815       294.7257       294.9371       295.3238       296.0140       296.9699       297.8228       298.0898       297.4374       296.1195       294.9075       294.3633    
 2243   294.3312       294.7800       294.9384       295.2217       295.9383       297.0145       297.9314       298.1118       297.3116       296.0144       295.0176       294.5721    
 2244   294.5787       294.5940       295.0177       295.4844       296.0146       297.1036       297.9631       298.0685       297.2248       296.1049       295.1395       294.6241    
 2245   294.4564       294.6398       294.9542       295.2837       296.1757       297.0592       297.7686       297.8971       297.2701       296.0701       294.9395       294.3817    
 2246   294.3215       294.8940       294.9742       295.4908       296.1099       297.1498       298.1266       298.0940       297.4436       296.3274       295.2807       294.5788    
 2247   294.6010       295.0346       295.3908       295.6800       296.2119       297.2052       298.0245       298.1732       297.4273       296.1705       295.2442       294.7095    
 2248   294.7908       294.9339       295.2465       295.4509       296.2704       297.1820       298.0726       298.2275       297.3163       296.1989       295.1958       294.5267    
 2249   294.4525       294.7861       295.0807       295.4949       296.1825       297.3719       298.1037       298.2987       297.5309       296.2829       295.2574       294.6784    
 2250   294.6687       295.0994       295.2065       295.5408       296.3508       297.5106       298.2211       298.3412       297.6266       296.2696       295.1120       294.5200    
 2251   294.5693       294.5292       295.1561       295.5250       296.3109       297.3779       298.2358       298.3182       297.5799       296.2529       295.2090       294.6395    
 2252   294.6878       294.7208       295.0834       295.3798       296.1890       297.3189       297.9970       298.2231       297.2906       296.2393       295.3246       294.7910    
 2253   294.7773       294.9128       295.1373       295.5866       296.4533       297.3557       298.0949       298.2419       297.5441       296.2670       295.0881       294.6662    
 2254   294.7818       294.9487       295.2912       295.6058       296.1706       297.2111       298.0744       298.0810       297.5081       296.0705       294.8963       294.4330    
 2255   294.6779       294.8599       295.1151       295.4716       296.0598       297.1752       298.0710       298.1199       297.4632       296.1716       295.1064       294.5993    
 2256   294.6283       295.0622       295.2665       295.4889       296.1024       297.1638       298.1385       298.0909       297.3920       296.2332       295.2443       294.7704    
 2257   294.6671       294.7537       294.9624       295.5737       296.2912       297.1763       298.0890       298.1183       297.5222       296.2425       295.3050       294.5909    
 2258   294.6610       294.8235       295.1723       295.6434       296.1588       297.3046       298.1110       298.2315       297.4128       296.2646       295.1841       294.7379    
 2259   294.6690       294.9604       295.1826       295.6589       296.4129       297.2610       298.2151       298.4082       297.4552       296.2661       295.3129       294.7433    
 2260   294.5854       295.0174       295.1488       295.5580       296.2762       297.3094       298.1937       298.3747       297.6335       296.3192       295.2536       294.7548    
 2261   294.9213       295.1742       295.3210       295.6926       296.4126       297.4170       298.0691       298.4179       297.5737       296.4276       295.2882       294.6604    
 2262   294.7024       294.9701       295.3181       295.6341       296.2902       297.4065       298.2127       298.3629       297.6760       296.4413       295.3276       294.8228    
 2263   295.0312       295.2153       295.3511       295.7739       296.3811       297.4591       298.1982       298.3668       297.6369       296.4200       295.2703       294.7808    
 2264   294.6167       295.1494       295.2484       295.5437       296.3270       297.2405       298.0581       298.0150       297.2809       296.2201       295.0304       294.5610    
 2265   294.5785       294.7148       294.9688       295.5516       296.1760       297.1680       298.1974       298.3098       297.6208       296.3643       295.3611       294.7614    
 2266   294.7816       295.0198       295.3959       295.7823       296.5195       297.3469       298.3248       298.4887       297.5650       296.3559       295.3710       294.6669    
 2267   294.7003       294.9617       295.2303       295.5533       296.2663       297.4074       298.3136       298.2671       297.6533       296.3394       295.3110       294.7937    
 2268   294.8470       295.1549       295.2890       295.7940       296.5126       297.5384       298.3052       298.3836       297.5801       296.3397       295.2098       294.8050    
 2269   294.8409       295.1122       295.2999       295.6969       296.3255       297.4214       298.2466       298.3815       297.7666       296.5205       295.5131       295.1286    
 2270   294.8901       295.2401       295.3082       295.7300       296.4131       297.4423       298.3773       298.5495       297.7257       296.4262       295.4191       294.9057    
 2271   295.0574       295.2310       295.5078       295.7079       296.4405       297.5146       298.2600       298.4606       297.6928       296.5280       295.4286       294.8726    
 2272   294.8323       295.2557       295.3536       295.7129       296.4241       297.4502       298.4545       298.3055       297.6919       296.4225       295.3196       294.8213    
 2273   294.9904       295.0391       295.4510       295.7415       296.4952       297.4296       298.3811       298.5186       297.7136       296.4698       295.4100       294.9432    
 2274   295.0507       295.2390       295.6210       295.8229       296.5950       297.5244       298.4069       298.5107       297.6548       296.5981       295.4379       295.0437    
 2275   294.9256       295.2145       295.3651       295.7640       296.6031       297.6623       298.4284       298.5274       297.8311       296.6999       295.4687       294.8360    
 2276   294.7954       294.9072       295.3364       295.7888       296.5607       297.5009       298.2333       298.4853       297.7006       296.5705       295.5966       295.0668    
 2277   295.1505       295.2718       295.5028       295.9414       296.6913       297.6549       298.4893       298.5504       297.7638       296.5151       295.2972       294.9173    
 2278   294.8213       295.1968       295.4344       295.8341       296.4332       297.5110       298.4012       298.6379       297.8672       296.6505       295.4438       295.0628    
 2279   295.0464       295.4232       295.4623       295.7905       296.4801       297.5567       298.4518       298.6423       297.7414       296.5332       295.3858       294.8531    
 2280   294.6741       295.1990       295.3756       295.7323       296.3655       297.2798       298.2202       298.4341       297.5366       296.3749       295.2365       294.8343    
 2281   294.7865       295.1171       295.2229       295.7556       296.3113       297.4396       298.3083       298.4355       297.7706       296.5141       295.4991       294.8261    
 2282   295.1293       295.2061       295.4801       295.8639       296.6140       297.6498       298.3725       298.5851       297.8098       296.5175       295.5494       294.8636    
 2283   294.8581       295.1053       295.3342       295.8163       296.5290       297.3968       298.4822       298.5732       297.8228       296.4689       295.4145       294.7848    
 2284   295.0858       295.2024       295.5580       295.8081       296.4848       297.5987       298.4399       298.3994       297.8777       296.5641       295.5221       295.0608    
 2285   295.0944       295.2539       295.3596       295.7429       296.4285       297.5319       298.4695       298.5411       297.7645       296.3216       295.4714       295.0616    
 2286   295.0260       295.3029       295.6246       295.9113       296.5743       297.6102       298.3901       298.4338       297.6628       296.5018       295.4866       295.0166    
 2287   295.0436       295.2460       295.4391       295.7976       296.5409       297.5303       298.3939       298.5349       297.7903       296.5593       295.5530       294.9420    
 2288   294.8173       295.3950       295.4834       295.8913       296.6291       297.6855       298.6077       298.6931       297.9368       296.6685       295.6111       295.0798    
 2289   295.1216       295.3996       295.5660       296.0763       296.6379       297.5917       298.6084       298.7365       297.9626       296.6769       295.6002       295.0215    
 2290   295.0365       295.4873       295.6782       296.0778       296.6286       297.7128       298.4424       298.7411       297.8792       296.5986       295.5901       294.9678    
 2291   295.0244       295.1175       295.5103       295.8671       296.6033       297.7063       298.4969       298.6645       297.9102       296.6367       295.3865       295.0654    
 2292   294.9753       295.2993       295.4507       295.8930       296.5950       297.5899       298.4958       298.6212       297.8337       296.7339       295.5403       295.0342    
 2293   295.0831       295.3690       295.6608       295.8373       296.5670       297.5217       298.3887       298.5367       297.7045       296.4542       295.4861       294.8869    
 2294   295.0935       295.4888       295.7655       296.0162       296.6784       297.5781       298.4526       298.5367       297.7635       296.4995       295.5589       294.8997    
 2295   294.9149       295.4085       295.5540       295.8526       296.5063       297.6034       298.4001       298.6788       297.9018       296.6240       295.5286       294.9458    
 2296   294.9830       295.1070       295.6009       296.0960       296.5380       297.5763       298.5784       298.5769       297.7450       296.4393       295.5004       294.8117    
 2297   295.0422       295.3327       295.4628       295.8487       296.5025       297.5335       298.3891       298.5726       297.8315       296.6158       295.4840       295.1225    
 2298   295.0255       295.2974       295.6077       295.8910       296.6053       297.5947       298.3583       298.6440       298.0296       296.6379       295.7304       295.1540    
 2299   295.1840       295.4916       295.3869       295.9609       296.5793       297.5030       298.4944       298.6820       297.9180       296.6796       295.5480       294.9287    
 2300   294.9588       295.2852       295.6082       296.0273       296.6690       297.6540       298.5692       298.7173       297.9672       296.7061       295.5192       295.1039    
