# tas [K] from IPSL-CM5A-MR model output prepared for CMIP5 RCP4.5 r1i1p1
# cutting out region lon=   -1.250  358.750, lat=  -90.000   90.000
 1850   284.1555       284.5667       285.1792       286.1595       286.9676       287.8032       288.1672       288.1037       287.3047       286.0524       284.7367       283.9376    
 1851   284.0665       284.5269       285.3644       286.1361       286.9115       287.7279       288.0391       287.9636       287.1670       285.9987       285.0056       284.1945    
 1852   284.0920       284.5211       285.1759       286.0656       287.0295       287.7863       288.1334       287.9715       287.2776       286.2014       284.9651       284.2085    
 1853   284.3496       284.7267       285.4321       286.4536       287.1736       287.9817       288.3455       288.2134       287.5582       286.3098       285.0908       284.3233    
 1854   284.3863       284.8552       285.5922       286.1436       287.1022       287.9035       288.3650       288.2163       287.4517       286.1695       285.2722       284.3914    
 1855   284.1821       284.5931       285.4536       286.3406       287.1642       287.8589       288.1573       288.0750       287.4300       286.1277       284.8662       284.1709    
 1856   284.1005       284.3970       285.0965       286.1412       287.0753       287.7802       288.1288       288.0144       287.3422       286.0298       284.7914       284.0506    
 1857   284.0296       284.4964       285.2781       285.9382       286.9318       287.7174       288.0879       287.9046       287.1619       285.8171       284.7928       283.9831    
 1858   284.1973       284.4388       285.2427       286.0511       287.0738       287.8680       288.1520       288.0008       287.3222       286.0627       284.8048       284.1323    
 1859   284.2223       284.4421       285.2719       286.0696       286.9537       287.6488       288.0538       287.9372       287.2213       285.9818       284.8612       284.1501    
 1860   284.0005       284.3827       285.1702       286.0442       286.9759       287.9206       288.3135       288.1328       287.4037       286.0800       285.0589       284.2466    
 1861   284.3596       284.6582       285.3871       286.2679       287.2740       288.0344       288.3710       288.3139       287.5123       286.2975       284.8905       284.3036    
 1862   284.5229       284.6978       285.3709       286.1341       286.9546       287.7280       288.0828       287.9691       287.2580       286.1252       284.9306       284.1775    
 1863   284.2157       284.6364       285.3345       286.2276       287.1013       287.7700       288.1477       288.0623       287.2872       286.0219       284.7631       284.1064    
 1864   284.0258       284.4238       285.2195       286.1517       287.1039       287.8216       288.0959       288.1270       287.2394       285.9646       284.7697       284.2557    
 1865   284.1668       284.4509       285.3655       286.3069       287.1057       287.8908       288.3416       288.2285       287.3515       286.1229       285.0063       284.3354    
 1866   284.5074       284.8953       285.5966       286.3023       287.2797       287.9178       288.2918       288.2093       287.4833       286.1572       284.8861       284.1301    
 1867   284.1884       284.6680       285.2788       286.2515       287.0165       287.7675       288.1733       288.1333       287.3473       286.2164       284.9492       284.5150    
 1868   284.5154       284.7605       285.5083       286.3896       287.2316       287.9362       288.2727       288.2139       287.3785       286.1693       285.1618       284.4207    
 1869   284.2695       284.7491       285.4338       286.3758       287.2251       287.8838       288.2264       288.0134       287.3112       286.0958       284.9399       284.2952    
 1870   284.1644       284.7825       285.2097       286.3312       287.1925       287.9508       288.4604       288.3784       287.5628       286.3069       285.2289       284.4178    
 1871   284.4585       284.6548       285.3831       286.3087       287.2149       288.0193       288.4433       288.1970       287.3720       286.1747       284.9629       284.3393    
 1872   284.2754       284.5422       285.2708       286.2625       287.1063       287.8072       288.1891       288.2168       287.4164       286.2932       285.2001       284.5874    
 1873   284.3798       284.7600       285.5483       286.3548       287.3334       288.1109       288.5069       288.4982       287.5846       286.2932       285.1829       284.4879    
 1874   284.4565       284.8717       285.5814       286.2547       287.2478       287.8240       288.2147       288.1078       287.3599       286.0694       285.1573       284.3848    
 1875   284.2145       284.4405       285.3362       286.1221       287.1983       287.9845       288.3131       288.2614       287.4566       286.2653       284.9751       284.3585    
 1876   284.1954       284.6567       285.5393       286.1865       287.1187       287.9209       288.2385       288.1284       287.4574       286.1899       285.0174       284.4889    
 1877   284.3392       284.7044       285.4567       286.3386       287.1539       287.8227       288.2661       288.2625       287.4992       286.2592       285.0873       284.3772    
 1878   284.3289       284.7545       285.4360       286.4523       287.4015       288.0770       288.3920       288.3088       287.5080       286.2721       285.0513       284.3716    
 1879   284.3223       284.7603       285.3828       286.3872       287.1458       287.9505       288.3245       288.1490       287.4254       286.1092       284.9968       284.4989    
 1880   284.3760       284.7809       285.5552       286.2588       287.3337       287.9357       288.3083       288.2902       287.4820       286.2382       285.1785       284.6678    
 1881   284.5848       284.9034       285.5916       286.4693       287.2980       288.0174       288.4308       288.2326       287.5105       286.2186       285.0087       284.5449    
 1882   284.4341       284.6465       285.4605       286.2403       287.1167       287.8779       288.3893       288.3066       287.5034       286.3032       285.0411       284.1370    
 1883   284.2985       284.6502       285.3379       286.2487       287.1507       287.8445       288.1683       288.0859       287.3404       286.0984       285.0763       284.1492    
 1884   284.0179       284.6964       285.2630       285.9711       286.8762       287.7139       287.9940       287.9223       287.0830       285.8062       284.6045       283.8755    
 1885   283.9372       284.3115       285.0162       285.9131       286.8227       287.6217       287.8505       287.7982       286.9412       285.6540       284.5196       283.9256    
 1886   283.7500       284.2657       285.0235       285.7874       286.7054       287.5581       288.0414       287.9624       287.2097       285.9854       284.7509       284.0405    
 1887   284.0899       284.6719       285.3716       286.1913       287.0053       287.6378       287.9698       287.9220       287.0892       285.8531       284.8635       284.1196    
 1888   283.9797       284.2533       285.2300       286.1606       287.0158       287.7416       288.1232       287.9685       287.2205       285.9469       284.8742       284.1866    
 1889   284.0546       284.5340       285.1758       286.1698       287.0020       287.7661       288.1324       287.9582       287.1963       285.8803       284.8206       284.1723    
 1890   283.9326       284.2350       285.0519       286.1131       286.8875       287.6718       288.1732       288.0027       287.1327       286.0563       284.8396       284.1776    
 1891   284.2196       284.5446       285.2175       286.0845       287.0098       287.8620       288.2058       288.1062       287.2141       285.9186       284.8462       284.2176    
 1892   284.2413       284.4724       285.4095       286.1042       287.0429       287.9431       288.3423       288.1428       287.2203       285.8659       284.6960       284.2271    
 1893   284.0876       284.4701       285.2399       286.2215       287.2895       288.0104       288.3309       288.3261       287.5627       286.1820       284.9554       284.4193    
 1894   284.2873       284.7591       285.2896       286.3079       287.0122       287.8503       288.2645       288.2142       287.4774       286.1448       285.0587       284.3383    
 1895   284.1985       284.4996       285.2085       286.1992       287.1395       287.8345       288.3157       288.2843       287.4562       286.2306       284.9141       284.4151    
 1896   284.3075       284.7251       285.3294       286.1957       287.2013       288.0538       288.4433       288.3131       287.4339       286.1614       285.0549       284.4319    
 1897   284.2909       284.6013       285.2583       286.2769       287.2408       288.0197       288.2719       288.3159       287.5151       286.3340       284.9724       284.2756    
 1898   284.3037       284.4555       285.3915       286.2413       287.1156       287.8174       288.2378       288.1076       287.2802       286.0833       284.8595       284.4163    
 1899   284.2365       284.7307       285.3117       286.1991       287.0052       287.7611       288.2377       288.2196       287.5103       286.1998       284.9306       284.2940    
 1900   284.3933       284.5488       285.4211       286.2487       287.2118       287.9601       288.4272       288.1902       287.5270       286.1925       285.0312       284.3313    
 1901   284.3456       284.7378       285.3680       286.3771       287.1656       287.8770       288.4434       288.2561       287.3624       286.2835       285.1180       284.5406    
 1902   284.7349       284.9408       285.6640       286.4008       287.3340       288.0364       288.4476       288.2260       287.5870       286.3983       285.0292       284.4020    
 1903   284.4370       284.8085       285.4121       286.2671       287.1930       287.8403       288.1785       288.1176       287.2897       285.9627       284.9603       284.0967    
 1904   284.1996       284.5536       285.4007       286.3717       287.2164       287.7461       288.0745       287.9501       287.1773       286.0046       284.9201       284.2136    
 1905   283.8577       284.4532       285.1852       286.1829       286.9890       287.7238       288.2207       288.1214       287.3332       286.1406       284.8893       284.3874    
 1906   284.4029       284.6865       285.5276       286.4102       287.2852       287.9386       288.3279       288.1661       287.5221       286.2421       285.1215       284.4687    
 1907   284.3376       284.6219       285.5030       286.4152       287.3273       288.0602       288.4384       288.2048       287.4625       286.2375       285.0375       284.3979    
 1908   284.3756       285.1453       285.7182       286.5028       287.3764       287.9388       288.3991       288.1608       287.3491       286.0721       285.0174       284.5437    
 1909   284.1168       284.5775       285.4032       286.2240       287.1827       287.8579       288.2740       288.1555       287.3570       286.1096       285.0116       284.2689    
 1910   284.3088       284.7099       285.4252       286.3449       287.2997       288.0455       288.3085       288.2102       287.4353       286.2609       285.1389       284.4369    
 1911   284.2594       284.7810       285.5061       286.3795       287.2039       287.8634       288.2904       288.2745       287.4677       286.2346       285.1002       284.4453    
 1912   284.2995       284.5094       285.4341       286.2893       287.2627       287.9088       288.2726       288.2545       287.4541       286.2689       285.0062       284.3819    
 1913   284.1406       284.7957       285.4234       286.4036       287.2285       287.9241       288.3521       288.1301       287.3535       286.2531       285.0326       284.3257    
 1914   284.3283       284.6151       285.3850       286.3259       287.2707       287.9010       288.4226       288.3107       287.5115       286.3700       284.9963       284.4182    
 1915   284.2213       284.8085       285.6100       286.4469       287.2540       288.0695       288.4375       288.3248       287.4820       286.1888       285.1898       284.5497    
 1916   284.4562       284.7070       285.5832       286.5067       287.4077       288.0443       288.4739       288.3316       287.6053       286.2101       285.0553       284.5536    
 1917   284.7676       284.9326       285.5683       286.4201       287.2145       288.0947       288.5154       288.2722       287.5320       286.3800       285.1681       284.5641    
 1918   284.4927       284.8725       285.7205       286.5226       287.3715       288.0829       288.4774       288.3494       287.5372       286.3009       285.1988       284.4857    
 1919   284.4706       284.9547       285.5834       286.4322       287.2863       288.1017       288.4977       288.4325       287.5625       286.4383       285.2083       284.4760    
 1920   284.5018       284.8436       285.6558       286.4462       287.2946       288.1325       288.6008       288.3913       287.5353       286.3918       285.3777       284.6390    
 1921   284.5693       284.9414       285.6618       286.5452       287.4829       288.1532       288.6353       288.4550       287.6725       286.3509       285.0571       284.4282    
 1922   284.3506       284.8516       285.5101       286.5192       287.2775       288.0086       288.4905       288.3860       287.6135       286.4483       285.2009       284.2293    
 1923   284.3926       284.7783       285.3802       286.3734       287.2156       287.9121       288.2611       288.1882       287.4113       286.1113       285.0970       284.4187    
 1924   284.2127       284.5349       285.3688       286.4441       287.2044       288.0912       288.4001       288.3114       287.5718       286.4079       285.0901       284.4330    
 1925   284.4830       284.7226       285.5558       286.3842       287.3081       288.1302       288.4829       288.2991       287.5395       286.2447       285.3396       284.5654    
 1926   284.6159       284.7179       285.4118       286.5193       287.3626       287.9802       288.5200       288.4217       287.6066       286.2548       285.0543       284.3189    
 1927   284.3803       284.6451       285.5733       286.5611       287.4489       288.2697       288.6506       288.5215       287.6917       286.5234       285.2507       284.4212    
 1928   284.5261       284.8627       285.6178       286.4666       287.4590       288.2269       288.6005       288.5184       287.8015       286.5525       285.3577       284.6607    
 1929   284.9184       285.2030       285.8802       286.8712       287.6984       288.4568       288.8265       288.6880       287.9763       286.5822       285.4960       284.7263    
 1930   284.5251       284.9365       285.9016       286.6371       287.3032       288.0891       288.5072       288.3753       287.6329       286.3309       285.1344       284.6434    
 1931   284.4520       284.7120       285.5624       286.4810       287.3990       288.1600       288.3682       288.3897       287.5900       286.3707       285.3037       284.4188    
 1932   284.4255       284.6481       285.4262       286.5241       287.4271       288.0924       288.4849       288.2870       287.6285       286.2308       285.0354       284.5908    
 1933   284.5854       284.6571       285.4930       286.3678       287.3015       288.1961       288.6112       288.4884       287.6547       286.3287       284.9715       284.4341    
 1934   284.5900       285.0014       285.7165       286.3889       287.4063       288.1512       288.5923       288.5213       287.6886       286.5250       285.3005       284.6576    
 1935   284.4481       284.9011       285.7187       286.6919       287.5973       288.3893       288.8620       288.6803       287.9034       286.5670       285.4208       284.8945    
 1936   284.6790       285.2677       285.7863       286.7362       287.5979       288.3911       288.7965       288.5934       287.7511       286.4340       285.4134       284.6336    
 1937   284.6373       284.8412       285.6817       286.5739       287.6097       288.3570       288.6002       288.4348       287.7401       286.4343       285.4640       284.7068    
 1938   284.7463       285.0501       285.6744       286.5976       287.4585       288.1544       288.6240       288.5615       287.6945       286.4893       285.1876       284.7198    
 1939   284.6787       284.9943       285.6467       286.6512       287.4869       288.1985       288.5112       288.4749       287.6873       286.4390       285.2585       284.7650    
 1940   284.7007       285.0797       286.0157       286.6569       287.5102       288.1704       288.6031       288.5561       287.6863       286.4809       285.4166       284.7138    
 1941   284.6245       285.0380       285.8539       286.6703       287.6452       288.3176       288.7992       288.6880       287.8141       286.6133       285.5102       284.7564    
 1942   284.6271       284.9481       285.8425       286.7565       287.5623       288.2953       288.6847       288.5558       287.6798       286.5234       285.4238       284.6958    
 1943   284.6788       285.0573       285.4776       286.5743       287.4719       288.1042       288.5081       288.4287       287.6528       286.4836       285.2784       284.7037    
 1944   284.8064       285.0991       285.6818       286.5587       287.4041       288.2588       288.6368       288.5082       287.6930       286.5822       285.3237       284.5288    
 1945   284.4821       284.9785       285.7589       286.5613       287.3086       288.0444       288.4318       288.3874       287.5796       286.5388       285.4541       284.5531    
 1946   284.3484       284.8114       285.6710       286.5527       287.4270       288.1815       288.5316       288.3683       287.5998       286.3660       285.2130       284.7043    
 1947   284.6148       285.1017       285.6580       286.4120       287.3471       288.0147       288.5379       288.3176       287.5497       286.2921       285.1725       284.5749    
 1948   284.4594       284.8655       285.7068       286.4339       287.3661       288.0769       288.3903       288.2128       287.5947       286.2464       285.3759       284.6025    
 1949   284.4682       285.1656       285.9714       286.7165       287.5618       288.1775       288.7064       288.4762       287.7173       286.5745       285.5139       284.9015    
 1950   284.7463       285.2222       285.9028       286.8274       287.6118       288.3182       288.6850       288.6790       287.8625       286.5889       285.3665       284.6575    
 1951   284.7089       284.7573       285.4323       286.4726       287.3751       288.1313       288.4569       288.4188       287.5950       286.3436       285.2829       284.6767    
 1952   284.7132       284.9416       285.4567       286.3734       287.3961       288.0264       288.2739       288.1813       287.3959       286.3100       285.1939       284.5295    
 1953   284.3867       284.8759       285.4699       286.4584       287.2342       288.0854       288.5062       288.3170       287.5275       286.3018       285.2954       284.3565    
 1954   284.4972       284.8967       285.7055       286.5497       287.5119       288.3396       288.7537       288.5475       287.6660       286.4977       285.2529       284.7555    
 1955   284.5864       285.0067       285.5842       286.5039       287.4246       288.0846       288.5581       288.3433       287.6377       286.2612       285.3141       284.3489    
 1956   284.4368       284.9028       285.6027       286.6045       287.5479       288.2709       288.6764       288.4659       287.6450       286.4715       285.2888       284.5303    
 1957   284.5537       285.0710       285.6129       286.4919       287.4412       288.2184       288.6523       288.5338       287.8711       286.4633       285.1655       284.7243    
 1958   284.6130       284.9715       285.7897       286.4894       287.5314       288.3595       288.7765       288.7101       287.8963       286.5936       285.4611       284.6369    
 1959   284.8545       285.2808       285.8122       286.7651       287.5689       288.3217       288.5864       288.5477       287.7643       286.5277       285.5454       284.8896    
 1960   284.8522       285.1069       285.8537       286.7831       287.6122       288.3360       288.8659       288.5246       287.7963       286.5859       285.3460       284.6203    
 1961   284.7727       285.1402       285.7766       286.6783       287.5556       288.2561       288.5532       288.3956       287.5621       286.3237       285.3781       284.7393    
 1962   284.6776       284.9137       285.5843       286.3889       287.3839       288.1316       288.3672       288.2887       287.5016       286.3580       285.1891       284.6605    
 1963   284.5464       284.8665       285.5241       286.4572       287.2621       287.8959       288.3075       288.1610       287.4442       286.2126       284.9806       284.5175    
 1964   284.5516       284.8221       285.4964       286.4371       287.2059       287.9745       288.4290       288.3030       287.5995       286.2967       285.2580       284.5771    
 1965   284.8288       285.2118       285.9716       286.7708       287.6176       288.3254       288.6825       288.4762       287.6305       286.2780       285.0258       284.6076    
 1966   284.4042       284.6370       285.3477       286.5597       287.1491       287.9866       288.4174       288.3905       287.6696       286.3496       285.3827       284.6443    
 1967   284.5741       285.1456       285.8799       286.6740       287.4688       288.1312       288.5745       288.4681       287.6736       286.3682       285.2151       284.6186    
 1968   284.4806       284.9335       285.6482       286.4865       287.3687       288.1518       288.5347       288.4889       287.6548       286.3867       285.3559       284.7674    
 1969   284.6522       284.9613       285.7653       286.5501       287.4331       288.1710       288.5498       288.4340       287.5756       286.3557       285.2091       284.7554    
 1970   284.5796       284.8874       285.6790       286.5016       287.3395       288.1517       288.5204       288.4718       287.7500       286.4815       285.3567       284.6100    
 1971   284.6276       285.1179       285.8788       286.7268       287.5475       288.3054       288.8209       288.8058       287.9729       286.7388       285.4431       284.7144    
 1972   284.8535       285.1783       285.9130       286.9198       287.8800       288.5911       288.8800       288.7025       287.9222       286.6602       285.5404       284.7991    
 1973   284.5777       285.0262       285.8207       286.7006       287.5858       288.2478       288.6922       288.5118       287.7072       286.3988       285.3501       284.6571    
 1974   284.7127       285.1652       285.7430       286.7489       287.4756       288.2719       288.5623       288.3986       287.6501       286.3585       285.4051       284.4974    
 1975   284.6347       284.8864       285.7053       286.5162       287.3462       287.9935       288.6140       288.4580       287.6206       286.3678       285.1620       284.5650    
 1976   284.3691       284.8757       285.7202       286.3800       287.4799       288.2602       288.6261       288.5300       287.7813       286.5348       285.3566       284.5802    
 1977   284.7970       285.1660       285.8295       286.8125       287.6367       288.4686       288.8219       288.6411       287.8233       286.6140       285.5029       284.7748    
 1978   284.8385       285.1309       285.9345       286.7510       287.6294       288.3403       288.6795       288.6161       287.8765       286.5436       285.4835       284.5889    
 1979   284.6324       284.9415       285.6258       286.5642       287.6032       288.5393       288.9323       288.7804       287.9250       286.6213       285.5913       284.7775    
 1980   284.8729       285.2733       286.1334       286.8749       287.7332       288.5436       289.0371       288.8830       288.0324       286.8640       285.6826       285.1662    
 1981   284.8666       285.3605       286.0989       286.9046       287.6753       288.3879       288.8169       288.7002       287.8720       286.7943       285.4382       284.9257    
 1982   284.9515       285.2172       286.0172       286.7671       287.6538       288.4244       288.9172       288.8955       287.9529       286.7621       285.7738       284.7672    
 1983   284.8986       285.3200       285.9272       287.0371       287.8031       288.4591       288.9666       288.7838       288.0500       286.7350       285.6046       284.8563    
 1984   285.0064       285.4226       286.0547       286.8972       287.7559       288.5020       288.8562       288.7737       287.8078       286.6451       285.5211       284.7128    
 1985   284.5815       284.9928       285.6962       286.5849       287.5221       288.3351       288.7156       288.5974       287.9188       286.6293       285.3511       284.7044    
 1986   284.8473       285.1980       285.9383       286.7629       287.5815       288.4421       288.8230       288.6890       287.8506       286.6507       285.4945       284.9683    
 1987   284.8259       285.2545       285.9923       286.8425       287.7621       288.5490       288.9146       288.9153       288.1616       287.0375       285.7233       285.1376    
 1988   285.3362       285.4661       286.2287       286.9185       287.8955       288.5875       288.9832       288.7906       288.0192       286.9268       285.7628       285.2186    
 1989   285.0100       285.4877       286.0046       287.0058       287.9146       288.5813       288.9799       288.8963       288.2077       286.9947       285.7131       285.1228    
 1990   284.9743       285.2537       285.9474       286.9958       287.9714       288.6781       289.0444       288.9398       288.1445       287.0163       285.7281       285.0656    
 1991   284.8823       285.1610       285.9290       286.8034       287.7363       288.3846       288.7477       288.7105       287.9298       286.6546       285.2658       284.6670    
 1992   284.6273       285.0351       285.5227       286.5219       287.4470       288.1490       288.6389       288.5899       287.8319       286.5602       285.3665       284.8124    
 1993   284.8713       285.2111       286.0111       286.8902       287.8707       288.4486       288.8758       288.7546       287.9713       286.6064       285.5634       284.7098    
 1994   284.9291       285.2319       285.8990       286.7964       287.6665       288.3255       288.7704       288.5692       287.9010       286.6138       285.6864       284.9573    
 1995   284.9210       285.2572       285.9191       286.8199       287.9098       288.7566       289.0953       289.0148       288.2336       287.0233       285.9293       285.2408    
 1996   285.1066       285.6918       286.4832       287.2737       288.2544       288.8454       289.3058       289.2575       288.3741       287.1765       285.8239       285.2432    
 1997   285.3185       285.6891       286.3221       287.2961       287.9864       288.8070       289.1347       288.9911       288.1367       286.9364       286.0208       285.2939    
 1998   285.2836       285.3129       286.0514       287.1286       288.0107       288.8232       289.1720       289.0277       288.1769       287.1380       285.8414       285.2055    
 1999   285.2979       285.4846       286.2214       287.0160       288.0822       288.7305       289.0742       289.0799       288.3386       287.2937       285.9895       285.3598    
 2000   285.3098       285.7406       286.1314       287.2026       288.1523       288.8484       289.3612       289.2004       288.4245       287.3239       286.1687       285.4104    
 2001   285.2633       285.4821       286.0674       287.0717       288.1480       288.8596       289.3546       289.2238       288.4134       287.1703       286.0551       285.3741    
 2002   285.3776       285.7859       286.2671       287.3237       288.1160       288.8440       289.3092       289.2261       288.4346       287.1335       286.0780       285.3870    
 2003   285.4716       285.7665       286.3757       287.2143       288.0489       288.8647       289.3364       289.2328       288.4999       287.3968       286.1644       285.2810    
 2004   285.3017       285.6823       286.3381       287.1460       288.0907       288.8974       289.2737       289.3528       288.6456       287.3520       286.1565       285.4500    
 2005   285.3914       285.8697       286.4276       287.2195       288.2139       288.9001       289.4619       289.3971       288.7868       287.5625       286.5609       285.6578    
 2006   285.5827       285.8527       286.4096       287.3017       288.1695       288.9969       289.4497       289.3863       288.5574       287.2519       286.0749       285.4726    
 2007   285.1829       285.8956       286.3624       287.4489       288.2080       288.9532       289.3137       289.2554       288.4572       287.2322       285.9896       285.3492    
 2008   285.2988       285.7251       286.3870       287.2587       288.2512       289.1180       289.5168       289.4931       288.7221       287.5545       286.4183       285.6385    
 2009   285.7090       286.1003       286.7376       287.6016       288.5691       289.2523       289.5938       289.4264       288.6264       287.4256       286.3556       285.6063    
 2010   285.5176       286.0775       286.7823       287.4528       288.2880       289.1194       289.6319       289.4933       288.6933       287.4933       286.5212       285.8629    
 2011   285.9577       286.0106       286.8301       287.5053       288.5393       289.2154       289.5445       289.4307       288.7416       287.5705       286.3819       285.5569    
 2012   285.6584       286.0611       286.8143       287.5636       288.4387       289.1566       289.7056       289.6432       288.9167       287.6462       286.4718       285.9153    
 2013   285.8867       286.0533       286.8203       287.5595       288.3507       289.2628       289.7005       289.6105       288.7980       287.5165       286.3938       285.8283    
 2014   285.6938       286.0896       286.9611       287.6456       288.5498       289.2604       289.6185       289.5274       288.7900       287.4011       286.4362       285.6559    
 2015   285.9379       286.0440       286.9178       287.5906       288.4299       289.2376       289.6670       289.4845       288.7378       287.5696       286.5828       285.9310    
 2016   285.9041       286.1781       286.8246       287.7540       288.5695       289.3146       289.7336       289.7219       288.9190       287.6950       286.4305       285.7270    
 2017   285.8488       286.1688       286.7756       287.4886       288.4283       289.2157       289.7067       289.6125       288.8933       287.7371       286.5123       285.5520    
 2018   285.6521       286.1584       286.7621       287.6590       288.4929       289.3095       289.5442       289.6366       288.8680       287.6357       286.5554       285.8165    
 2019   286.0117       286.1785       286.6718       287.6942       288.6534       289.3329       289.6815       289.7791       288.9211       287.7393       286.5908       285.9571    
 2020   286.0539       286.3374       286.8758       287.7723       288.7549       289.2906       289.8054       289.7402       288.9703       287.7295       286.4356       285.8969    
 2021   285.7658       286.0039       286.7849       287.7956       288.5190       289.2088       289.6434       289.6345       288.8575       287.5981       286.3720       285.7585    
 2022   285.8153       286.3022       286.8345       287.5676       288.6463       289.4042       289.8204       289.7576       288.9472       287.7027       286.5759       285.8581    
 2023   286.0705       286.4033       287.0818       287.8994       288.7455       289.5731       289.9531       289.9570       289.2112       288.0992       286.8982       286.0216    
 2024   285.8854       286.5486       287.0115       287.6862       288.6295       289.3998       289.9760       289.8671       289.2276       287.9791       286.9534       286.1434    
 2025   285.9404       286.5096       287.2155       287.8184       288.9083       289.6024       290.0034       289.8181       289.1869       287.9556       286.7306       286.0945    
 2026   286.0764       286.3004       287.1053       287.7462       288.7285       289.5489       290.0129       289.9915       289.2594       287.8994       286.8968       286.2191    
 2027   286.0611       286.3136       287.0152       287.7939       288.7476       289.5370       289.9366       289.8706       289.2352       287.9563       286.8991       286.2021    
 2028   286.1834       286.5936       286.9779       288.0249       288.8402       289.6160       290.0767       290.0732       289.3672       288.1085       286.8745       286.3238    
 2029   286.2036       286.7823       287.2852       288.0692       288.8235       289.6204       290.1567       290.0913       289.4283       288.1704       287.1454       286.4985    
 2030   286.2819       286.4868       287.3313       288.1681       289.1931       289.9258       290.4035       290.3460       289.5288       288.2946       287.0749       286.4702    
 2031   286.3279       286.6658       287.4418       288.4706       289.2127       289.9131       290.2912       290.2305       289.4493       288.2719       287.0934       286.0234    
 2032   286.2184       286.5872       287.1229       288.0160       289.0700       289.8003       290.2506       290.2035       289.4955       288.1949       287.0830       286.5330    
 2033   286.2553       286.5554       287.0498       287.9928       288.9823       289.7913       290.2949       290.1616       289.3180       288.2190       287.0952       286.6283    
 2034   286.3465       286.8231       287.5977       288.3616       289.1679       290.0800       290.5963       290.4743       289.6986       288.5313       287.2987       286.4405    
 2035   286.3371       286.6834       287.3149       288.2286       289.0602       289.7405       290.2938       290.1722       289.4572       288.0992       287.0757       286.3831    
 2036   286.3685       286.5098       287.1656       288.0444       288.9528       289.5446       290.0762       290.0446       289.3858       288.2448       287.0837       286.4806    
 2037   286.5294       286.8456       287.6233       288.3593       289.1151       289.7620       290.1295       290.1873       289.4856       288.2410       287.1145       286.4056    
 2038   286.2038       286.6213       287.3880       288.0995       289.0271       289.7109       290.2572       290.2406       289.6042       288.4034       287.1933       286.6540    
 2039   286.4916       286.9114       287.5370       288.2555       289.2208       289.9660       290.4756       290.3873       289.5662       288.4392       287.2360       286.3528    
 2040   286.3302       286.3945       287.1999       288.2065       289.1553       289.9145       290.2723       290.2988       289.4884       288.2481       287.2116       286.3876    
 2041   286.3359       286.5993       287.3303       288.2235       288.9071       289.7892       290.2267       290.2098       289.4688       288.3256       287.3390       286.8069    
 2042   286.2779       286.6267       287.4289       288.3356       288.9915       289.8639       290.2767       290.2142       289.5230       288.3517       287.3926       286.7358    
 2043   286.6396       286.9911       287.5858       288.3512       289.1914       290.0549       290.5143       290.3559       289.6770       288.5117       287.1743       286.6771    
 2044   286.4875       286.7599       287.4669       288.2213       289.1431       289.9202       290.4700       290.3810       289.6734       288.6001       287.4962       286.7343    
 2045   286.8138       287.4402       287.7684       288.4922       289.4032       290.0314       290.5379       290.3102       289.5936       288.4679       287.2472       286.2816    
 2046   286.4703       286.6128       287.2587       288.0991       289.1550       289.8398       290.2789       290.3132       289.6384       288.4944       287.3095       286.5052    
 2047   286.6625       287.0213       287.6324       288.4595       289.2587       290.1025       290.5693       290.5131       289.7574       288.4424       287.4041       286.7167    
 2048   286.6443       287.0177       287.5804       288.4792       289.2308       290.0110       290.4139       290.3748       289.5022       288.3904       287.0740       286.4119    
 2049   286.2475       286.7392       287.5951       288.2978       289.1259       290.0386       290.4359       290.5468       289.8880       288.6571       287.5448       286.9035    
 2050   286.6993       287.1412       287.9572       288.6145       289.4438       290.2145       290.8127       290.7226       289.8551       288.7232       287.5320       286.7651    
 2051   286.4865       287.0544       287.4590       288.4019       289.1757       290.0505       290.5253       290.5708       289.8087       288.6563       287.4647       286.9914    
 2052   286.6449       287.1471       287.7954       288.5497       289.4258       290.3768       290.9010       290.7566       290.0661       288.8383       287.4808       286.6608    
 2053   286.7921       287.1750       287.8475       288.4456       289.3862       290.0925       290.6462       290.6288       289.8715       288.7522       287.5142       286.7499    
 2054   286.8387       287.1695       287.8400       288.5616       289.3124       290.2935       290.6685       290.6638       290.0204       288.7428       287.5633       286.9529    
 2055   286.8421       287.3037       287.5594       288.4694       289.3126       290.0546       290.4231       290.4027       289.6765       288.6071       287.4146       286.6503    
 2056   286.6828       286.9464       287.6217       288.5089       289.1310       290.0980       290.7448       290.7415       289.8609       288.6789       287.4477       286.7828    
 2057   286.7188       287.0315       287.6779       288.4875       289.4114       290.1701       290.7113       290.6909       290.1168       289.0118       287.7739       287.0573    
 2058   286.7529       287.0954       287.9093       288.6011       289.5971       290.4430       291.0376       290.9562       290.2075       288.8109       287.6132       287.0257    
 2059   287.0603       287.3572       287.9703       288.7147       289.6762       290.3498       290.7900       290.8399       290.1487       288.9151       287.6452       287.0881    
 2060   287.0357       287.3677       287.9523       288.8872       289.8770       290.5832       291.0492       290.9702       290.2451       289.1252       288.0453       287.1840    
 2061   286.9235       287.3501       288.0606       288.8232       289.7612       290.5354       290.9391       291.0059       290.3013       289.0225       288.0021       287.1775    
 2062   287.1956       287.5491       288.0322       289.0042       289.7479       290.4597       290.9630       290.7300       290.0794       288.8411       287.6947       286.7546    
 2063   286.7872       287.0162       287.8436       288.6704       289.5271       290.3103       290.8628       290.7592       290.0250       288.8035       287.6396       286.8759    
 2064   286.9408       287.0298       287.8633       288.5700       289.5260       290.2935       290.8588       290.7158       290.1809       288.9623       287.8444       287.2353    
 2065   287.1799       287.6237       288.2359       288.9142       289.7970       290.4999       291.0605       291.1218       290.3009       289.0434       287.7732       287.1019    
 2066   287.1744       287.3716       288.1137       288.8305       289.6992       290.4436       290.8117       290.7966       290.0858       288.9907       287.7501       287.1899    
 2067   287.1297       287.2397       287.6488       288.7621       289.6365       290.4098       290.9004       291.0549       290.2153       289.0381       287.9440       287.2435    
 2068   287.3944       287.6703       288.2203       288.9763       289.7984       290.5060       290.9351       290.9987       290.1615       289.0782       287.9169       287.3056    
 2069   287.2299       287.4233       288.0352       288.9998       289.8237       290.6082       291.0268       291.0005       290.2154       289.1865       287.9943       287.1990    
 2070   287.0424       287.2930       287.8685       288.9175       289.6396       290.4591       291.0526       291.1380       290.4334       289.2204       288.1788       287.5416    
 2071   287.4070       287.6667       288.3560       289.1239       290.0713       290.8902       291.3676       291.3082       290.4528       289.3346       288.2138       287.5807    
 2072   287.1660       287.5501       288.1520       288.9139       289.9680       290.6708       291.1242       291.1746       290.4058       289.2909       288.0698       287.3266    
 2073   287.3770       287.6510       288.1348       288.9505       289.7635       290.6879       291.1888       291.1695       290.4398       289.2644       288.0467       287.3952    
 2074   287.1967       287.3804       288.0908       288.9415       289.7263       290.6462       291.0031       291.0046       290.3120       289.1070       287.9344       287.1946    
 2075   287.2025       287.4849       288.1179       288.9753       289.8422       290.6569       291.1228       291.1537       290.3781       289.1449       287.9003       287.1494    
 2076   287.3590       287.5570       288.3450       288.9210       289.9391       290.8641       291.2557       291.2570       290.6546       289.4182       288.3148       287.4517    
 2077   287.5419       287.6760       288.3991       289.0746       289.9288       290.8061       291.2883       291.2273       290.4214       289.2832       288.1421       287.4162    
 2078   287.3759       287.6477       288.1961       289.0275       289.8174       290.6273       291.0417       291.1521       290.3615       289.2990       288.2427       287.4873    
 2079   287.3357       287.7523       288.2781       289.1775       290.0141       290.7343       291.2640       291.2607       290.4751       289.1259       288.1594       287.6277    
 2080   287.2475       287.5706       288.2018       289.0448       289.8721       290.7016       291.4601       291.4029       290.6812       289.4035       288.2101       287.7088    
 2081   287.4328       287.5392       288.3499       289.2881       290.0345       290.9527       291.3620       291.3586       290.4888       289.2837       288.2096       287.2961    
 2082   287.4267       287.6092       288.2554       289.1018       289.9525       290.7362       291.2949       291.1836       290.5149       289.2032       288.1276       287.3952    
 2083   287.2979       287.5864       288.4343       289.1246       289.9638       290.7813       291.3138       291.3666       290.5629       289.3444       288.2583       287.5743    
 2084   287.4278       287.6906       288.3392       289.2461       290.0786       290.8435       291.2513       291.3097       290.6263       289.4516       288.2513       287.4163    
 2085   287.2952       287.5319       288.2775       289.2082       289.8678       290.6603       291.3489       291.3204       290.5950       289.4822       288.3855       287.6151    
 2086   287.5173       287.7240       288.1577       289.0974       290.1430       290.9023       291.3144       291.3486       290.5620       289.3674       288.0024       287.4641    
 2087   287.3545       287.6162       288.2303       289.0755       289.9923       290.7672       291.3173       291.2988       290.5186       289.3345       288.2601       287.4299    
 2088   287.4540       287.7500       288.4564       289.4236       290.1136       290.9347       291.3778       291.4444       290.6434       289.4956       288.3421       287.5277    
 2089   287.3148       287.5333       288.1692       288.9459       289.8958       290.8718       291.2515       291.2019       290.4743       289.4242       288.2708       287.3539    
 2090   287.2704       287.6154       288.3389       288.9642       289.9210       290.7275       291.2614       291.2655       290.5594       289.2842       288.2803       287.6006    
 2091   287.4847       287.8452       288.4435       289.2767       290.1262       290.9253       291.3615       291.4365       290.6657       289.5294       288.3412       287.6135    
 2092   287.4545       287.7870       288.3459       289.2493       290.0864       290.9253       291.4258       291.4425       290.7023       289.3780       288.2763       287.5349    
 2093   287.3968       287.7504       288.2472       289.0643       290.0714       290.7006       291.2862       291.1990       290.4571       289.2627       288.1740       287.3759    
 2094   287.3461       287.5160       288.1984       288.9262       289.7029       290.5190       290.9916       291.0867       290.3247       289.2083       288.1506       287.3901    
 2095   287.1670       287.6378       288.4650       289.0385       289.9649       290.8385       291.4839       291.5714       290.7932       289.6657       288.6345       287.8510    
 2096   287.6181       288.0273       288.5972       289.4412       290.2303       290.9388       291.3894       291.3042       290.6025       289.4084       288.3209       287.5501    
 2097   287.6117       288.0774       288.4990       289.1430       289.9255       290.7644       291.2812       291.3141       290.5329       289.3177       288.2233       287.5020    
 2098   287.4571       287.7943       288.4260       289.0718       289.8670       290.7703       291.2532       291.2861       290.4590       289.2821       288.0179       287.4019    
 2099   287.5268       287.8220       288.4313       289.1194       290.0927       290.9242       291.4461       291.4970       290.6372       289.5425       288.3172       287.7147    
 2100   287.5644       287.8852       288.3968       289.1408       290.0608       290.7989       291.2829       291.2518       290.6211       289.3444       288.2340       287.5110    
 2101   287.3066       287.8881       288.4670       289.2470       289.8149       290.7004       291.2365       291.1858       290.4254       289.3471       288.3188       287.6535    
 2102   287.4077       287.7068       288.3602       289.0250       289.8786       290.8549       291.3835       291.2624       290.6432       289.4717       288.1932       287.6427    
 2103   287.5155       287.9511       288.5518       289.2822       290.2617       291.1500       291.5712       291.6202       290.7882       289.6982       288.5056       287.7979    
 2104   287.6194       287.8148       288.5714       289.3631       290.2017       290.9405       291.4432       291.3600       290.6617       289.5271       288.4529       287.6590    
 2105   287.4555       287.9957       288.4254       289.3478       290.1496       290.8680       291.3039       291.2699       290.5279       289.3835       288.1613       287.5566    
 2106   287.2849       287.8437       288.3785       289.2018       289.9477       290.7321       291.2048       291.2686       290.5710       289.3110       288.3071       287.3738    
 2107   287.3590       287.9311       288.2942       289.2217       289.9621       290.7701       291.3364       291.4203       290.7778       289.4977       288.4213       287.5256    
 2108   287.3494       287.6123       288.1955       289.3939       290.2602       291.0812       291.5611       291.5327       290.7840       289.6228       288.3166       287.5108    
 2109   287.4550       287.6032       288.4427       289.2070       290.1041       290.8906       291.4197       291.4551       290.7046       289.4736       288.3628       287.6336    
 2110   287.3342       287.7991       288.4722       289.2729       289.9819       290.8436       291.3928       291.3843       290.7076       289.5421       288.1686       287.4177    
 2111   287.2585       287.6110       288.2087       289.0132       289.9108       290.7743       291.3638       291.2594       290.5559       289.4789       288.3545       287.6305    
 2112   287.5695       287.8262       288.4749       289.3897       290.1351       290.7664       291.3630       291.4181       290.6937       289.2770       288.3346       287.5664    
 2113   287.7327       288.0288       288.4654       289.1733       290.0491       290.9128       291.5528       291.4349       290.6971       289.5536       288.5460       287.7339    
 2114   287.4952       287.8131       288.4525       289.2528       290.0391       290.8142       291.2644       291.4303       290.5962       289.4236       288.2158       287.6226    
 2115   287.4029       287.7115       288.2960       289.2127       290.0722       290.8477       291.3477       291.3189       290.6808       289.4987       288.5181       287.6391    
 2116   287.2921       287.7599       288.4666       289.4529       290.3639       291.1263       291.6228       291.6684       290.9161       289.5674       288.4595       287.7882    
 2117   287.6602       288.0121       288.2818       289.2069       289.8967       290.7032       291.2247       291.2473       290.4783       289.3048       288.2182       287.2261    
 2118   287.3716       287.9207       288.3297       289.2066       289.9694       290.8707       291.4331       291.4141       290.7949       289.5922       288.3505       287.5970    
 2119   287.6349       287.9368       288.4944       289.2519       290.1640       290.9987       291.4983       291.4343       290.6985       289.5479       288.3048       287.5819    
 2120   287.6946       287.8701       288.4182       289.1904       289.9649       290.7760       291.4362       291.4484       290.6859       289.5234       288.3362       287.5681    
 2121   287.5659       287.7833       288.6107       289.2901       290.1012       290.9275       291.4870       291.4888       290.8544       289.5398       288.5406       287.4417    
 2122   287.5508       287.8711       288.6760       289.3474       290.2837       291.0280       291.4944       291.4956       290.7759       289.5308       288.3235       287.6553    
 2123   287.3926       287.8441       288.5283       289.3809       290.1399       290.9552       291.6228       291.6558       290.8765       289.6942       288.3495       287.7766    
 2124   287.8704       288.1074       288.5689       289.3181       290.3187       291.0734       291.5211       291.5841       290.8957       289.7436       288.6138       287.8127    
 2125   287.7765       287.9580       288.4188       289.2296       290.2790       291.1000       291.7302       291.6251       290.9753       289.6707       288.4988       287.6871    
 2126   287.6068       287.9246       288.5754       289.4095       290.1367       290.9598       291.4106       291.3326       290.6182       289.4420       288.3966       287.5255    
 2127   287.4558       287.9245       288.4982       289.4023       290.3016       290.9578       291.4689       291.5664       290.7843       289.5655       288.5150       287.6671    
 2128   287.7148       287.9848       288.5350       289.3001       290.0856       291.0356       291.5006       291.5318       290.8411       289.5576       288.4074       287.5464    
 2129   287.6288       287.9410       288.4477       289.3755       290.2806       291.1105       291.6330       291.6683       290.9151       289.6378       288.4585       287.5925    
 2130   287.7339       288.0828       288.6003       289.4180       290.1668       290.9589       291.4311       291.4499       290.7507       289.4754       288.1718       287.6666    
 2131   287.4770       287.6350       288.3793       289.1369       290.1224       290.8614       291.4070       291.5297       290.8257       289.5955       288.5592       287.7056    
 2132   287.8971       288.1355       288.8254       289.4917       290.3795       291.1194       291.5757       291.4292       290.7229       289.4997       288.2880       287.7160    
 2133   287.5978       287.8885       288.3601       289.3635       290.2357       290.9853       291.5417       291.5470       290.7845       289.6335       288.4150       287.6915    
 2134   287.6691       287.9763       288.7318       289.4291       290.2029       291.0463       291.4919       291.4232       290.6962       289.4702       288.2273       287.7932    
 2135   287.5621       287.9332       288.5012       289.2470       290.1169       290.8416       291.4528       291.5091       290.7669       289.4817       288.4966       287.7051    
 2136   287.8439       288.1159       288.6224       289.4662       290.2836       291.1042       291.6157       291.6420       291.0485       289.8042       288.6685       287.6062    
 2137   287.7021       287.9677       288.6631       289.5024       290.4632       291.2388       291.8600       291.7925       291.1401       289.9979       288.7876       287.8459    
 2138   287.8639       288.2491       288.7592       289.3896       290.3754       291.1218       291.6697       291.7540       290.9607       289.6667       288.4592       287.7697    
 2139   287.5647       287.8573       288.6021       289.2621       290.1084       291.0249       291.4319       291.3770       290.5285       289.4432       288.2597       287.7162    
 2140   287.6234       287.8295       288.3837       289.1220       290.2120       291.0736       291.5559       291.5543       290.8991       289.6214       288.4579       287.9233    
 2141   287.6271       287.9677       288.6473       289.5810       290.4532       291.2127       291.7836       291.6982       290.9319       289.6980       288.6102       287.6652    
 2142   287.7751       287.8727       288.5565       289.4424       290.2863       291.1560       291.7428       291.6658       290.9510       289.6922       288.4131       287.8576    
 2143   287.6997       287.9673       288.3979       289.3904       290.1908       290.9416       291.4338       291.4214       290.6703       289.5747       288.4721       287.5423    
 2144   287.4774       287.8177       288.5847       289.3419       290.2364       291.0038       291.4184       291.4406       290.6906       289.4701       288.5233       287.5560    
 2145   287.7622       288.1450       288.6324       289.3793       290.3027       291.0015       291.6417       291.6185       290.8539       289.7306       288.5301       287.7643    
 2146   287.6870       288.0868       288.7249       289.4098       290.2132       290.9962       291.4573       291.5048       290.6735       289.5125       288.4390       287.6622    
 2147   287.7821       288.0436       288.4489       289.3920       290.1448       291.0957       291.4784       291.4312       290.7851       289.5787       288.4507       287.6910    
 2148   287.7712       287.9929       288.7206       289.5107       290.4000       291.1402       291.6990       291.6791       290.8643       289.6077       288.6227       287.7746    
 2149   287.7008       288.0457       288.6747       289.5445       290.3891       291.1337       291.5941       291.6409       290.8817       289.7584       288.6488       287.8478    
 2150   287.9609       288.2360       288.8070       289.4945       290.4104       291.1815       291.5697       291.6572       290.9220       289.6971       288.5294       287.6867    
 2151   287.5477       287.7126       288.4422       289.3366       290.2038       291.1203       291.6021       291.6381       290.8858       289.7977       288.6013       287.8120    
 2152   287.6174       287.8503       288.6254       289.4366       290.2616       290.9648       291.4928       291.5959       290.7943       289.6896       288.6136       287.9371    
 2153   287.9483       288.2175       288.7448       289.4852       290.3496       291.3000       291.7804       291.8100       291.1260       289.8454       288.7178       287.8344    
 2154   287.3654       287.7870       288.5511       289.3089       290.1536       291.0273       291.4651       291.5674       290.9842       289.7552       288.5391       288.0081    
 2155   287.7406       288.3084       288.9224       289.7643       290.6452       291.3753       291.6635       291.6708       290.8515       289.6901       288.6703       288.0744    
 2156   288.0002       288.2640       288.7628       289.5267       290.4302       291.1470       291.6948       291.6645       290.8951       289.6956       288.6301       287.8638    
 2157   287.7855       288.0642       288.7337       289.4969       290.2702       291.1062       291.5609       291.5093       290.9518       289.7960       288.7229       288.1191    
 2158   287.8131       288.1882       288.6570       289.4691       290.3894       291.0762       291.6050       291.5074       290.7635       289.5753       288.5693       287.8487    
 2159   287.7236       288.2021       288.6478       289.4307       290.3035       290.9583       291.4523       291.6111       290.8139       289.5771       288.4637       287.8658    
 2160   287.3979       288.0038       288.5835       289.2458       290.1259       290.8547       291.3676       291.3097       290.6125       289.3291       288.2991       287.7423    
 2161   287.7799       287.8759       288.4909       289.3442       290.0420       290.8530       291.4641       291.4982       290.6503       289.4474       288.3076       287.6620    
 2162   287.6589       287.8988       288.5361       289.4608       290.3154       290.9682       291.6944       291.7069       290.9519       289.8069       288.6032       288.1451    
 2163   287.7523       288.0377       288.8370       289.6757       290.5544       291.2066       291.8755       291.6951       290.9950       289.7650       288.7290       287.8847    
 2164   287.8340       287.9644       288.7880       289.5487       290.3312       291.0645       291.6968       291.6813       290.9425       289.6998       288.6337       288.0140    
 2165   287.6542       287.8358       288.5864       289.4073       290.4054       291.1863       291.7549       291.8597       291.0809       289.8325       288.6340       288.0616    
 2166   287.7759       288.1435       288.6606       289.4460       290.2260       291.0623       291.5729       291.4703       290.8515       289.4868       288.4331       287.8778    
 2167   287.6494       287.7787       288.6997       289.4664       290.2936       291.0964       291.6711       291.6637       290.9659       289.8617       288.7338       287.7828    
 2168   287.8659       288.3037       288.9724       289.8428       290.5692       291.3497       291.7459       291.8197       291.0127       289.7313       288.6708       287.8246    
 2169   287.8922       288.1467       288.7905       289.4729       290.2868       291.1139       291.4597       291.4013       290.7974       289.6774       288.3171       287.9462    
 2170   287.7458       288.0148       288.5573       289.3577       290.3429       291.1703       291.6707       291.6653       290.9747       289.8007       288.6541       288.0141    
 2171   287.8131       288.2324       288.8458       289.7136       290.4641       291.2558       291.7680       291.6844       290.9459       289.5980       288.5500       287.7945    
 2172   287.6733       287.9306       288.5077       289.3233       290.2222       291.0307       291.5095       291.6104       290.8120       289.5392       288.3135       287.6235    
 2173   287.6953       288.2257       288.6026       289.5297       290.4366       291.1518       291.5697       291.5506       290.7141       289.6054       288.4668       287.7299    
 2174   287.9031       288.2298       288.6248       289.2739       290.2275       291.0897       291.5214       291.4551       290.6549       289.6169       288.4660       287.6062    
 2175   287.8834       288.2411       288.5359       289.4389       290.3249       291.0686       291.5823       291.5988       290.9154       289.7090       288.5322       287.8825    
 2176   287.6081       287.9866       288.6779       289.4176       290.2492       291.1238       291.7294       291.6017       290.8232       289.7277       288.3896       287.7867    
 2177   287.7904       287.8923       288.5119       289.4066       290.2398       291.1050       291.5573       291.5124       290.8404       289.5382       288.4430       287.7533    
 2178   287.6971       288.2622       288.7306       289.6163       290.4416       291.1216       291.7072       291.6251       291.0475       289.8629       288.5569       287.7885    
 2179   287.8774       288.3528       288.6858       289.5375       290.2657       291.2162       291.5467       291.6423       290.9518       289.7155       288.5233       287.8784    
 2180   287.8438       288.1009       288.7790       289.6349       290.4326       291.1572       291.7085       291.6691       290.9528       289.6812       288.5043       287.9595    
 2181   287.5884       288.1751       288.5356       289.3308       290.4209       291.2136       291.7771       291.6802       290.8850       289.6400       288.5054       287.9803    
 2182   287.7053       288.3618       288.9061       289.7288       290.5506       291.3622       291.8560       291.8357       291.1199       289.9237       288.6845       287.9760    
 2183   287.9342       288.0997       288.8731       289.6220       290.5698       291.3270       291.7841       291.9595       291.2532       290.0396       288.9908       288.0807    
 2184   287.9414       288.2573       288.9173       289.5385       290.4275       291.1750       291.8510       291.7230       291.0881       289.8177       288.8348       288.0021    
 2185   287.8662       288.1179       288.9136       289.6527       290.5920       291.3148       291.8062       291.8298       291.1281       289.8776       288.6472       287.9785    
 2186   287.8902       287.9901       288.8865       289.7202       290.3682       291.2051       291.7118       291.7117       290.9708       289.9180       288.7557       288.1881    
 2187   288.1061       288.3130       288.8221       289.7079       290.4843       291.2548       291.7127       291.7379       291.1450       289.9422       288.8520       288.0682    
 2188   287.9006       288.1349       288.7515       289.4613       290.5164       291.2297       291.6689       291.5698       290.9997       289.7823       288.6497       287.9880    
 2189   287.8629       288.2514       288.7686       289.6203       290.3399       291.1157       291.6524       291.7053       290.9610       289.7910       288.5278       287.7973    
 2190   287.9825       288.0435       288.5789       289.3490       290.1404       291.0362       291.6469       291.7107       291.0654       289.8762       288.8056       288.0805    
 2191   288.2487       288.3173       288.9970       289.7716       290.5672       291.4107       291.8950       291.9096       291.2922       289.9896       288.7514       287.9938    
 2192   287.9495       288.1198       288.7752       289.6116       290.4730       291.2953       291.9054       291.7462       291.0251       289.7658       288.7295       287.8294    
 2193   288.1144       288.2348       288.7570       289.5988       290.4464       291.3124       291.7566       291.7034       291.0139       289.8006       288.7717       288.1465    
 2194   287.8409       287.9174       288.6152       289.5166       290.5011       291.2784       291.8489       291.8420       291.1749       289.8840       288.7231       288.1061    
 2195   287.9760       288.4486       288.8930       289.7047       290.7725       291.4974       292.1570       292.1828       291.3644       290.1597       289.0104       288.1578    
 2196   287.9659       288.2394       288.9012       289.7443       290.5727       291.2953       291.8231       291.8087       291.1239       289.8204       288.6960       287.9531    
 2197   288.0035       288.0071       288.5549       289.5360       290.4615       291.2316       291.7051       291.6937       291.0340       289.5952       288.7048       287.9434    
 2198   287.9210       288.0907       288.6796       289.5099       290.3833       291.2522       291.6652       291.6140       290.9132       289.7508       288.5031       287.8204    
 2199   287.7861       287.9586       288.6115       289.4386       290.3408       291.1873       291.7334       291.8302       291.0254       289.8132       288.7209       287.8704    
 2200   287.9182       288.2152       289.0073       289.8000       290.3407       291.1850       291.5971       291.6720       290.9639       289.7666       288.6319       288.0498    
 2201   287.7193       288.1456       288.8940       289.5000       290.3619       291.2995       291.6820       291.6617       290.8863       289.6494       288.5619       287.9244    
 2202   287.7480       288.1927       288.7733       289.5802       290.4893       291.2580       291.7377       291.6261       290.9160       289.7973       288.6432       287.9754    
 2203   287.9698       288.1207       288.6167       289.4437       290.2424       291.0124       291.5428       291.5421       290.7471       289.6332       288.3112       287.9108    
 2204   287.5988       287.8670       288.5747       289.3917       290.2457       291.1750       291.6202       291.6417       290.8509       289.6693       288.3749       287.9874    
 2205   287.7761       288.0981       288.5602       289.5440       290.3544       291.1670       291.6928       291.7495       290.9357       289.7044       288.4912       287.7000    
 2206   288.0020       288.1965       288.6334       289.6010       290.3693       291.1223       291.5223       291.5687       290.8162       289.5194       288.4612       287.8936    
 2207   287.8461       288.0193       288.7719       289.4064       290.3131       291.1826       291.6435       291.6264       290.9001       289.7176       288.4452       287.8661    
 2208   287.7433       288.1302       288.7132       289.3612       290.3197       291.2030       291.7088       291.7163       291.0668       289.8287       288.7179       287.9665    
 2209   287.7453       288.1243       288.8772       289.4602       290.3665       291.1304       291.6797       291.6223       290.8853       289.6548       288.5483       287.8344    
 2210   287.5260       287.9547       288.5300       289.4836       290.2917       291.1507       291.6724       291.6457       290.8383       289.7478       288.7089       288.0970    
 2211   287.8232       288.1673       288.7894       289.6427       290.4709       291.2769       291.8586       291.8807       291.0760       289.8379       288.6643       287.8925    
 2212   287.8338       288.2803       288.9333       289.6536       290.5056       291.2416       291.8489       291.7489       291.0486       289.7206       288.5766       287.8022    
 2213   287.8738       287.8454       288.6071       289.6589       290.3695       291.1719       291.7047       291.7533       290.9981       289.8067       288.7206       287.9323    
 2214   287.9849       288.2169       288.9753       289.6373       290.4535       291.3204       291.8174       291.8556       291.0718       289.9933       288.6437       287.8695    
 2215   288.1384       288.2891       288.9512       289.7381       290.5166       291.3039       291.7417       291.8526       291.0215       289.7386       288.5799       288.0197    
 2216   287.9220       288.1940       288.6561       289.5115       290.3851       291.3432       291.7849       291.8563       291.0164       289.7469       288.6759       288.0432    
 2217   288.0542       288.4778       289.0492       289.5638       290.4863       291.3980       291.8861       292.0286       291.2551       290.0257       288.8070       288.1666    
 2218   288.0601       288.2881       289.1097       289.7625       290.6090       291.3398       291.8129       291.7952       291.0801       289.8155       288.7801       287.9988    
 2219   288.0136       288.2093       288.7575       289.5253       290.4047       291.1158       291.7008       291.6366       290.8534       289.8275       288.6999       287.8036    
 2220   287.8957       288.2722       288.8298       289.6247       290.4110       291.2135       291.6459       291.6508       291.0327       289.8482       288.7152       288.2477    
 2221   287.9129       288.2729       288.6776       289.5542       290.4903       291.2853       291.6954       291.6021       290.8430       289.6854       288.6730       288.0111    
 2222   288.0022       288.1859       288.7069       289.5291       290.3920       291.2845       291.8606       291.8538       291.1021       289.9331       288.8145       288.2812    
 2223   288.2291       288.4052       289.0142       289.7613       290.4913       291.3151       291.8708       291.8668       291.2288       289.9921       288.8264       288.0897    
 2224   288.0051       288.3638       288.9608       289.6284       290.5832       291.4126       292.0291       291.9151       291.1661       289.9450       288.7601       287.9354    
 2225   287.9027       288.4000       288.9206       289.6411       290.4589       291.2405       291.8474       291.9009       291.1458       289.8557       288.5535       287.9375    
 2226   287.8876       288.2449       288.6934       289.4709       290.3572       291.0512       291.6354       291.5277       290.8021       289.5613       288.5674       287.8814    
 2227   287.7415       288.0498       288.7394       289.4704       290.2198       291.0763       291.5515       291.6173       290.9285       289.8024       288.6957       287.8997    
 2228   287.9048       288.0211       288.8111       289.6067       290.4789       291.4023       291.8369       291.8264       291.1709       289.9930       288.7703       288.0738    
 2229   288.2881       288.4105       288.9434       289.5157       290.4991       291.2002       291.7774       291.7986       291.0815       289.8666       288.7164       288.0836    
 2230   287.7046       288.1379       288.7793       289.4743       290.4359       291.0888       291.4938       291.5291       290.8230       289.6671       288.5190       287.8545    
 2231   287.7853       288.1031       288.7947       289.4851       290.3675       291.3512       291.9280       291.8892       291.2324       289.9748       288.9161       288.0930    
 2232   288.0703       288.2964       288.8889       289.6042       290.5769       291.4128       291.7557       291.8066       291.0390       289.8698       288.5985       287.9226    
 2233   287.6772       288.2489       288.6367       289.4435       290.4250       291.2744       291.7343       291.7901       291.1838       289.9342       288.7306       288.0421    
 2234   287.7202       288.2795       288.9057       289.7465       290.5420       291.2700       291.6742       291.7058       291.0534       289.7880       288.7331       288.1369    
 2235   288.0268       288.4452       288.8760       289.7254       290.4185       291.1973       291.6950       291.7441       290.9799       289.8389       288.6714       288.0415    
 2236   287.9240       288.0916       288.6656       289.4798       290.3507       291.1660       291.6855       291.5626       290.9666       289.8932       288.7988       288.0434    
 2237   288.0172       288.2395       288.9888       289.6535       290.3660       291.2139       291.7915       291.7455       291.0004       289.7838       288.6502       287.9111    
 2238   287.7511       288.1945       288.9010       289.6734       290.5780       291.4154       291.8085       291.8568       291.2616       290.0190       288.8878       288.3492    
 2239   288.3082       288.3947       289.2295       289.9467       290.6477       291.5107       292.1087       292.0551       291.3100       289.9843       288.9179       288.1245    
 2240   287.9979       288.1072       288.8406       289.6078       290.4840       291.1787       291.8432       291.7704       291.0156       289.7511       288.8235       288.1165    
 2241   288.0800       288.2686       288.7372       289.5646       290.3314       291.1586       291.6843       291.6097       290.9892       289.6920       288.7444       287.9282    
 2242   287.9528       288.1218       288.7581       289.4710       290.3937       291.1976       291.8142       291.8799       291.2015       289.9023       288.8807       288.2451    
 2243   287.9746       288.1673       289.0008       289.7107       290.5329       291.4006       292.0650       292.0592       291.2315       289.9879       288.7531       288.4319    
 2244   288.1362       288.5368       289.1213       289.7679       290.6902       291.4883       292.0316       292.1025       291.3608       290.1622       288.9496       288.1488    
 2245   288.2692       288.4310       289.0025       289.7577       290.6205       291.3817       291.9008       291.8928       291.1438       289.9656       288.8266       288.0337    
 2246   287.9297       288.5020       288.9996       289.6993       290.5820       291.3626       291.8611       291.8677       291.0111       289.8653       288.7792       288.1353    
 2247   287.8354       288.4389       289.1866       289.8283       290.6836       291.4659       292.0357       292.0312       291.2062       290.0393       288.9166       288.0846    
 2248   288.1052       288.4608       288.9793       289.6354       290.4547       291.4211       291.8012       291.8845       291.1483       289.9416       288.7833       287.9007    
 2249   288.0589       288.2305       288.9453       289.6526       290.5679       291.5166       291.9703       292.0163       291.2189       290.0862       288.9850       288.0504    
 2250   288.1341       288.3696       289.0938       289.8350       290.6813       291.4030       291.8674       291.9442       291.2450       290.0444       288.9053       288.3497    
 2251   287.9171       288.1683       288.9398       289.8011       290.5080       291.4607       291.9310       291.8682       291.1924       290.0695       289.0049       288.1393    
 2252   287.8605       288.0943       288.9432       289.7795       290.5804       291.3209       291.8154       291.8110       291.0994       290.0449       288.8997       288.2605    
 2253   288.1472       288.6596       289.0260       289.8172       290.7541       291.5472       292.0708       291.9478       291.2444       289.9516       289.0767       288.3376    
 2254   287.8559       288.2269       289.0040       289.6487       290.4354       291.2659       291.7856       291.7228       291.0176       290.0124       288.7973       288.1484    
 2255   287.9012       288.4450       289.1082       289.8265       290.5386       291.2716       291.7716       291.6568       291.0659       289.8450       288.7530       287.9880    
 2256   287.9454       288.2602       288.8216       289.7430       290.5475       291.3510       291.8516       292.0099       291.3059       290.0620       288.9524       288.3736    
 2257   288.2713       288.3063       289.1104       289.7864       290.6385       291.4439       291.8826       291.8217       291.0481       289.8282       288.6870       288.0465    
 2258   287.9477       288.2037       288.9235       289.5078       290.3826       291.2952       291.7228       291.6499       290.9175       289.7431       288.6651       287.9904    
 2259   288.0437       288.3368       288.9417       289.8226       290.6464       291.5037       292.1471       292.1945       291.3924       290.1282       289.1734       288.4115    
 2260   288.3978       288.4355       289.1802       289.9203       290.6307       291.5935       292.0425       292.0460       291.2543       290.0772       288.9176       288.1192    
 2261   288.0345       288.1653       288.6671       289.5167       290.5016       291.3538       291.9020       292.0185       291.2279       290.0725       288.8536       288.2526    
 2262   288.1933       288.3470       289.0762       289.8235       290.6451       291.4283       291.8810       291.6844       291.0496       289.7799       288.5231       287.9207    
 2263   288.0320       288.1649       288.7903       289.7427       290.5316       291.2736       291.6475       291.7762       291.0510       289.8004       288.5505       287.9057    
 2264   287.8522       288.2056       288.8924       289.6449       290.5679       291.3911       291.8779       291.9803       291.2530       289.9237       288.7732       288.1017    
 2265   287.9496       288.3524       288.9989       289.7960       290.6204       291.4706       291.9463       291.9152       291.3379       290.1199       288.9451       288.0848    
 2266   288.0552       288.4764       289.1862       289.8004       290.7076       291.5069       292.0157       292.0755       291.1537       289.9030       288.8091       288.0074    
 2267   287.9156       288.5453       289.0759       289.7036       290.6140       291.4855       292.1464       292.1482       291.4762       290.2479       289.0249       288.3674    
 2268   288.3481       288.6835       289.0219       289.9008       290.6793       291.5017       292.1227       292.0630       291.3000       290.1407       288.9372       288.2883    
 2269   288.0876       288.2979       289.1681       289.9240       290.6539       291.4676       291.9354       291.9871       291.1746       289.9358       288.9456       288.1362    
 2270   288.0258       288.3815       288.9982       289.5796       290.4737       291.3013       291.7926       291.7143       291.0399       290.0018       288.6995       287.9689    
 2271   287.9875       288.2581       289.1205       289.8734       290.6447       291.4207       291.9852       291.9414       291.1261       289.8778       288.7506       288.3240    
 2272   287.8025       288.3449       288.8203       289.5275       290.4604       291.4238       291.8330       291.8215       291.0807       289.9302       288.8357       288.0881    
 2273   288.2514       288.3159       289.1128       289.8950       290.5537       291.3889       291.9293       291.9456       291.2457       289.9770       288.8994       288.3211    
 2274   288.0137       288.4401       288.8507       289.6955       290.6095       291.5712       292.0159       292.1971       291.4072       290.1740       289.0980       288.2753    
 2275   288.1208       288.5120       289.0959       289.9644       290.6287       291.5433       292.0287       292.0020       291.2574       289.9887       289.0263       288.1765    
 2276   288.0228       288.4709       289.0528       289.6744       290.5616       291.2893       291.8414       291.8051       291.1174       289.7273       288.6512       287.9750    
 2277   287.9506       288.2355       288.8631       289.6326       290.5042       291.4308       291.9488       291.8508       291.1614       289.9838       288.8859       288.1407    
 2278   288.0637       288.4861       289.0615       289.9820       290.7595       291.4943       292.1453       292.0283       291.2253       289.9987       288.9174       288.1361    
 2279   287.9590       288.6003       289.0326       289.8300       290.7324       291.5083       292.0306       291.9540       291.2147       289.9372       288.8499       288.1797    
 2280   288.2099       288.5132       288.9598       289.5968       290.5815       291.3751       291.9486       291.9023       291.0988       289.9737       288.8108       288.1141    
 2281   288.1506       288.6033       289.1069       289.8726       290.5588       291.3883       291.9019       291.8780       291.0403       289.9410       288.7736       288.1334    
 2282   287.8764       288.3544       288.8006       289.7092       290.4858       291.3102       291.8297       291.9008       291.1515       289.9511       288.8269       288.2728    
 2283   288.3234       288.6650       289.0917       289.8946       290.8558       291.6503       292.2061       292.1514       291.4410       290.1581       288.9682       288.2247    
 2284   288.1346       288.3984       289.2132       289.9256       290.7902       291.5833       292.0846       292.0694       291.3185       290.0409       288.9817       288.1484    
 2285   287.9456       288.2058       289.0336       289.8072       290.5602       291.3643       291.8755       291.7856       290.9865       289.7951       288.7170       287.9732    
 2286   288.0136       288.3698       288.7286       289.5477       290.3289       291.2084       291.7884       291.7657       291.0261       289.8950       288.7581       288.2431    
 2287   288.2163       288.4914       288.9984       289.7620       290.6666       291.5612       292.0716       292.1200       291.2693       290.2180       288.9904       288.0956    
 2288   287.9359       288.2204       288.9542       289.6397       290.5233       291.4069       291.9119       291.9945       291.3897       290.1856       288.8635       288.1361    
 2289   287.9980       288.1663       289.0233       289.8930       290.7764       291.6208       292.0879       292.2129       291.4604       290.1632       289.0152       288.3936    
 2290   288.2160       288.4011       289.2463       290.0746       290.8140       291.6392       292.0372       291.9901       291.2572       290.0120       288.9823       288.3881    
 2291   288.1187       288.3608       288.8457       289.7525       290.5259       291.1911       291.7529       291.8165       291.0222       289.7386       288.6768       287.8917    
 2292   287.9786       288.4366       288.9891       289.6556       290.4533       291.2749       291.8495       291.7810       291.0732       289.7805       288.5451       287.9569    
 2293   288.0164       288.4454       288.8105       289.7010       290.5388       291.4052       291.9180       291.8953       291.2156       289.9974       288.9315       288.2215    
 2294   288.1745       288.3076       288.9610       289.7727       290.5323       291.3180       291.8707       291.9491       291.2213       289.9339       288.6722       287.9089    
 2295   287.7307       287.9698       288.7787       289.5720       290.4161       291.2611       291.8139       291.7980       291.2079       289.9465       288.9241       288.1712    
 2296   288.1570       288.3404       289.1288       289.8630       290.5401       291.3333       291.8535       291.8088       291.0914       289.9938       288.7370       287.9413    
 2297   288.0194       288.3733       288.9144       289.6233       290.5371       291.3939       291.9349       291.9760       291.3523       290.0727       288.8908       288.2906    
 2298   288.1388       288.1675       288.8022       289.7693       290.6860       291.4054       291.8423       291.8894       291.1696       290.0585       288.8571       288.0777    
 2299   288.1467       288.5779       289.0827       289.6834       290.6972       291.4763       291.9601       291.9829       291.2111       290.0773       288.8650       288.1562    
 2300   288.1311       288.4391       289.0847       289.7068       290.7155       291.5821       292.1204       292.1588       291.4598       290.3484       289.1960       288.5235    
