# tas [K] from MPI-ESM-LR model output prepared for CMIP5 RCP8.5 r1i1p1
# cutting out region lon=   -0.938  359.062, lat=  -89.497   89.497
 1850   284.3266       284.6958       285.6335       286.5904       287.5143       288.1493       288.2923       287.9985       287.5222       286.4996       285.5039       284.7592    
 1851   284.4336       285.0923       286.0042       286.8285       287.7133       288.2323       288.3701       288.2049       287.5717       286.4806       285.3827       284.8055    
 1852   284.7107       284.9706       285.7868       286.8755       287.7130       288.3228       288.4857       288.2426       287.6735       286.5785       285.4529       284.8788    
 1853   284.7987       284.9883       285.7011       286.7621       287.8340       288.4591       288.7385       288.5808       287.7760       286.6134       285.5754       284.9521    
 1854   285.0064       285.4510       286.1022       287.0206       287.9410       288.4778       288.6652       288.5535       287.8550       286.8115       285.6281       284.9788    
 1855   284.8838       285.2417       285.8930       286.9541       287.7436       288.1860       288.5388       288.4258       287.6253       286.7713       285.8502       284.8708    
 1856   284.6082       284.9147       285.8142       286.8020       287.6313       288.2670       288.3575       288.2325       287.5095       286.5083       285.6117       284.6349    
 1857   284.4886       284.8513       285.7433       286.7625       287.6848       288.2192       288.4483       288.1684       287.5283       286.4429       285.2879       284.5890    
 1858   284.4717       284.8142       285.5444       286.6543       287.6642       288.1252       288.4301       288.2494       287.8000       286.8230       285.6099       284.8401    
 1859   284.5416       285.0984       285.7650       286.8567       287.7508       288.3761       288.4796       288.3547       287.7282       286.5782       285.3480       284.7851    
 1860   284.4125       284.8297       285.7269       286.6770       287.4500       288.1346       288.4681       288.2420       287.5248       286.3772       285.3990       284.6926    
 1861   284.6030       284.9905       285.6221       286.7351       287.5622       288.3187       288.5036       288.2744       287.7087       286.5850       285.4159       284.5392    
 1862   284.2311       284.7217       285.5778       286.5449       287.5284       288.1849       288.3001       288.1332       287.4534       286.3404       285.1899       284.4244    
 1863   284.3298       284.9373       285.5232       286.4996       287.3307       288.0142       288.3693       288.2402       287.4573       286.3680       285.2749       284.5205    
 1864   284.2861       284.6044       285.4973       286.3464       287.4129       288.0480       288.2733       288.0891       287.5358       286.3381       285.4654       284.5934    
 1865   284.4008       285.0485       285.8437       286.7304       287.5445       288.2399       288.4081       288.2501       287.5430       286.4660       285.2896       284.6509    
 1866   284.5190       284.6985       285.4804       286.6847       287.6818       288.2505       288.6230       288.3962       287.6853       286.7255       285.6371       284.8169    
 1867   284.7631       285.0016       286.0718       286.9464       287.7989       288.4394       288.7542       288.5857       287.8439       286.7506       285.5380       284.9097    
 1868   284.5123       284.8548       285.8444       286.9372       287.7144       288.4495       288.5984       288.4524       287.7289       286.5889       285.6156       284.9794    
 1869   284.4970       284.9104       285.6025       286.7603       287.6705       288.3027       288.4491       288.2731       287.6122       286.4761       285.3176       284.6801    
 1870   284.4619       284.7927       285.7827       286.6076       287.4326       288.1513       288.3895       288.2296       287.5747       286.4254       285.2972       284.6679    
 1871   284.4515       284.8395       285.6467       286.5403       287.5815       288.2379       288.4880       288.3477       287.7290       286.6423       285.4117       284.6440    
 1872   284.5658       284.9303       285.9329       286.9120       287.7035       288.3965       288.6373       288.4061       287.7295       286.6763       285.6210       284.7893    
 1873   284.6574       285.2091       286.0594       286.9748       287.9739       288.4964       288.7108       288.6073       287.9477       286.8925       285.7020       285.0568    
 1874   284.7247       285.0066       285.8430       286.9078       287.8654       288.4753       288.5837       288.4486       287.7705       286.6091       285.7562       284.8380    
 1875   284.6528       285.1851       285.9944       286.8730       287.9142       288.4233       288.5810       288.3736       287.7982       286.9404       285.7907       285.2097    
 1876   285.1700       285.3620       286.0642       286.9998       287.8828       288.5624       288.8369       288.6345       287.8303       286.7530       285.7448       284.9025    
 1877   284.8841       285.2580       285.9767       286.9418       287.7898       288.2338       288.5643       288.2693       287.5510       286.4431       285.4510       284.8371    
 1878   284.5569       285.2419       285.8065       286.7497       287.6125       288.3540       288.5017       288.4883       287.8322       286.6732       285.3450       284.8884    
 1879   284.7408       284.9751       285.8683       286.9130       287.8091       288.5504       288.6983       288.3918       287.7855       286.7867       285.5683       284.7288    
 1880   284.5489       285.2190       285.9077       287.0498       287.7438       288.3163       288.5764       288.2150       287.5965       286.6048       285.3752       284.8203    
 1881   284.6956       284.9160       285.7020       286.8983       287.6708       288.3395       288.4844       288.2845       287.6699       286.6385       285.4402       284.5717    
 1882   284.4918       284.8662       285.5666       286.6472       287.5975       288.0768       288.3518       288.2010       287.5306       286.4217       285.2799       284.6258    
 1883   284.2998       284.7636       285.5793       286.6280       287.4783       288.0942       288.3053       287.9954       287.3697       286.2993       285.0385       284.2967    
 1884   284.2282       284.6386       285.1836       286.2314       287.1434       287.8546       288.0166       287.7759       287.0994       286.0780       284.8611       284.1895    
 1885   283.9330       284.2496       285.2082       286.2504       287.0461       287.7126       287.9243       287.7060       287.0800       285.9884       284.7475       283.9694    
 1886   283.7427       284.1239       285.2325       286.2323       287.1156       287.8725       288.0757       287.9265       287.3053       286.1778       285.0219       284.1405    
 1887   284.1908       284.4668       285.2819       286.3888       287.4305       287.9538       288.2966       288.0280       287.4865       286.3540       285.1514       284.2987    
 1888   284.2619       284.5150       285.4278       286.4037       287.4857       288.2691       288.3958       288.2325       287.6347       286.6688       285.3283       284.5546    
 1889   284.5853       284.7427       285.5270       286.6909       287.5628       288.2060       288.4873       288.3293       287.5905       286.2784       285.3838       284.6036    
 1890   284.2736       284.9003       285.6860       286.6830       287.5364       288.2572       288.3223       288.0587       287.3935       286.2480       285.2706       284.4845    
 1891   284.0509       284.6664       285.5269       286.4601       287.3005       288.0251       288.3708       288.1819       287.4025       286.3543       285.1319       284.3047    
 1892   284.4059       284.8978       285.5911       286.5160       287.5252       288.1262       288.2643       288.1739       287.5019       286.3672       285.3188       284.4969    
 1893   284.5413       285.0482       285.5681       286.7147       287.7726       288.3561       288.6630       288.4859       287.8666       286.6538       285.5462       284.6259    
 1894   284.5154       285.0657       285.6859       286.7415       287.6431       288.2940       288.5009       288.3202       287.6663       286.6006       285.3471       284.7425    
 1895   284.5443       284.8513       285.7757       286.6551       287.5305       288.1360       288.4455       288.3168       287.7142       286.5569       285.3460       284.8159    
 1896   284.6020       285.2206       286.0247       286.9565       287.7008       288.3942       288.6208       288.3361       287.5551       286.5453       285.4051       284.8361    
 1897   284.6700       285.0721       285.7743       286.9207       287.9242       288.5435       288.6749       288.5522       287.7934       286.8838       285.6526       284.7174    
 1898   284.5906       284.8159       285.8065       286.8097       287.6662       288.2926       288.4852       288.3130       287.6624       286.5204       285.2043       284.5590    
 1899   284.4265       284.8741       285.5810       286.6755       287.6169       288.2107       288.4295       288.1453       287.6464       286.5609       285.4954       284.7934    
 1900   284.6272       284.9511       285.7929       286.8184       287.6331       288.2514       288.4304       288.1940       287.6699       286.5331       285.3546       284.7057    
 1901   284.3174       284.9603       285.8069       286.7141       287.5874       288.2422       288.3929       288.1900       287.5645       286.6068       285.4149       284.6760    
 1902   284.4392       284.7542       285.4844       286.6576       287.4135       288.0976       288.3868       288.1823       287.7052       286.5440       285.4041       284.8389    
 1903   284.3897       284.8257       285.6479       286.5634       287.5394       288.1114       288.4284       288.2171       287.6517       286.6812       285.6419       284.7675    
 1904   284.5783       285.1192       285.9760       286.7997       287.5754       288.1390       288.3381       288.2389       287.5199       286.4881       285.3998       284.5244    
 1905   284.4827       284.7249       285.7462       286.6323       287.5288       288.2466       288.4624       288.3221       287.6470       286.5327       285.4724       284.7647    
 1906   284.5163       284.7761       285.7007       286.6644       287.7466       288.4046       288.5098       288.3007       287.6919       286.7867       285.4455       284.7195    
 1907   284.3865       285.0321       285.6157       286.6378       287.5141       288.0805       288.3463       288.1945       287.5180       286.3562       285.2151       284.4622    
 1908   284.5399       284.9047       285.5435       286.6221       287.4690       288.2153       288.3633       288.2184       287.6706       286.5038       285.2180       284.6813    
 1909   284.7148       284.9651       285.7097       286.8614       287.7261       288.2929       288.4279       288.3929       287.7375       286.7698       285.5420       284.7769    
 1910   284.8587       285.0381       285.8050       286.8509       287.7801       288.3748       288.5833       288.3208       287.7305       286.6978       285.5493       284.8300    
 1911   284.7005       284.9730       285.6574       286.7568       287.5924       288.1902       288.4148       288.2861       287.5889       286.7245       285.5333       284.8728    
 1912   284.7482       284.9700       285.9252       286.9293       287.8387       288.4568       288.6614       288.4766       287.8235       286.8520       285.6903       285.0880    
 1913   284.8619       285.3342       285.8777       286.9219       287.7928       288.3539       288.4767       288.3290       287.6589       286.7676       285.7627       285.0376    
 1914   284.9507       285.2343       286.1438       287.0075       287.8666       288.3726       288.5785       288.4854       287.8545       286.7412       285.5643       284.8959    
 1915   284.7665       285.0247       285.9019       286.7656       287.7661       288.3521       288.5461       288.3591       287.7506       286.7794       285.7072       284.9775    
 1916   284.9662       285.2366       285.8810       286.8858       287.8790       288.5514       288.6614       288.5215       287.9482       286.9152       285.8720       285.2326    
 1917   284.8595       285.3389       286.1075       286.9800       287.8195       288.4641       288.6281       288.3174       287.8259       286.5804       285.5024       284.8011    
 1918   284.6242       284.9533       285.7809       286.8964       287.9145       288.3884       288.6016       288.4348       287.7937       286.5722       285.5510       284.8828    
 1919   284.6078       284.8822       285.8677       286.8734       287.8218       288.4133       288.7642       288.5171       287.8667       286.9587       285.8613       285.0302    
 1920   284.7293       285.1340       286.0622       287.0426       287.9557       288.5334       288.6043       288.3903       287.6538       286.5468       285.4232       284.7489    
 1921   284.4990       284.8133       285.7142       286.6077       287.5922       288.2014       288.4287       288.2639       287.5345       286.4350       285.5411       284.8235    
 1922   284.5611       284.9637       285.6317       286.6702       287.6617       288.2793       288.5043       288.3097       287.6719       286.6737       285.5744       284.8083    
 1923   284.6663       284.9240       285.8086       286.9101       287.7788       288.3144       288.6004       288.4111       287.8018       286.6205       285.4666       284.6925    
 1924   284.6038       284.9940       285.4915       286.7289       287.6633       288.3257       288.5959       288.3678       287.7769       286.5667       285.5240       284.8510    
 1925   284.8111       285.0124       285.8369       286.8594       287.7921       288.3661       288.6087       288.4354       287.8159       286.8141       285.6048       284.9254    
 1926   284.5969       284.9869       285.9314       286.9608       287.6610       288.3388       288.5665       288.4548       287.7541       286.7032       285.2766       284.9126    
 1927   284.5638       284.8743       285.6320       286.6904       287.7112       288.2899       288.5080       288.4348       287.8385       286.7780       285.5549       284.7820    
 1928   284.6610       284.9290       286.0080       286.8863       287.7521       288.4840       288.7321       288.6008       287.8764       286.8647       285.5706       284.7415    
 1929   284.6224       285.3065       285.8122       286.8817       287.7393       288.3440       288.6657       288.4511       287.7398       286.5637       285.4238       284.8906    
 1930   284.4651       285.0266       285.9188       286.8476       287.7326       288.4549       288.6684       288.5371       287.8982       286.8631       285.7257       284.8850    
 1931   284.5417       285.0120       285.7304       286.7916       287.7583       288.3401       288.6823       288.4376       287.7876       286.8459       285.7273       284.9394    
 1932   284.7296       285.2666       286.1575       286.9367       287.7638       288.4965       288.6802       288.4124       287.7080       286.5640       285.5639       284.6121    
 1933   284.4442       285.0136       285.6951       286.6615       287.5849       288.2405       288.5358       288.2483       287.5569       286.6255       285.3843       284.8209    
 1934   284.5791       285.0406       285.8743       286.8939       287.8775       288.3861       288.6599       288.4774       287.6716       286.8116       285.5291       284.8887    
 1935   284.9408       285.2117       285.9952       287.0031       287.9306       288.7125       288.9889       288.6472       288.0456       286.9191       285.6218       285.1646    
 1936   284.9613       285.1355       285.9761       287.0432       287.8003       288.3421       288.5172       288.4416       287.7104       286.7756       285.5875       284.7973    
 1937   284.7324       285.0698       285.8764       286.7857       287.6414       288.1639       288.4434       288.3828       287.7270       286.6570       285.6760       284.9217    
 1938   284.6140       285.0227       285.7463       286.8732       287.7029       288.3489       288.5289       288.3683       287.7557       286.6175       285.4600       284.7677    
 1939   284.5435       284.9947       285.7739       286.8406       287.6397       288.3036       288.5778       288.3987       287.6309       286.6574       285.5606       284.6625    
 1940   284.4915       284.9107       285.7057       286.6216       287.6075       288.2545       288.5178       288.2788       287.7092       286.5522       285.6605       284.8223    
 1941   284.6194       284.8567       285.8971       287.0406       287.8748       288.5333       288.6776       288.4623       287.8427       286.8799       285.8011       284.9822    
 1942   284.9990       285.5396       286.2563       287.0714       288.1281       288.5771       288.7564       288.5603       287.8600       286.7468       285.6960       284.7956    
 1943   284.6933       285.0981       285.8376       286.8275       287.8130       288.3473       288.6405       288.3930       287.6999       286.5876       285.4522       284.8083    
 1944   284.5435       284.8951       285.7007       286.7930       287.7718       288.3497       288.6538       288.4686       287.9411       286.7661       285.5509       284.8357    
 1945   284.6125       284.8560       285.8037       287.0010       287.7268       288.4597       288.5812       288.4091       287.8000       286.6343       285.6237       284.8018    
 1946   284.6054       285.0838       285.8602       286.5996       287.6742       288.2906       288.5884       288.3740       287.7856       286.6833       285.4856       284.5763    
 1947   284.5559       284.9797       285.6843       286.8410       287.8426       288.4335       288.6642       288.5450       287.7761       286.8483       285.8935       285.0169    
 1948   284.7909       285.1121       285.8967       286.9319       287.9500       288.4184       288.6319       288.4462       287.8101       286.7567       285.5941       284.8069    
 1949   284.5995       285.0636       285.7761       286.8919       287.8793       288.5155       288.5560       288.3289       287.7430       286.7240       285.5084       284.9294    
 1950   284.8979       285.1141       285.9452       287.0872       288.0154       288.5501       288.7717       288.5889       287.7338       286.6843       285.4841       284.8908    
 1951   284.5459       285.0047       285.7794       286.8195       287.7349       288.2854       288.5334       288.4058       287.7168       286.6867       285.6931       285.0104    
 1952   284.6895       284.9303       286.1125       286.9059       287.8788       288.5041       288.7009       288.6259       287.8310       286.7842       285.7158       284.9596    
 1953   284.6820       285.1021       286.0069       287.1678       287.9637       288.4748       288.6241       288.5244       287.8545       286.9773       285.7203       285.0392    
 1954   284.9304       285.1959       285.7563       286.8077       287.7699       288.4224       288.7877       288.6304       287.9771       286.7768       285.6260       284.8823    
 1955   284.8082       285.1525       285.8809       287.0730       287.9598       288.6089       288.9285       288.6925       288.0469       286.9016       285.7082       285.1915    
 1956   284.8534       285.0592       286.0771       287.0143       287.8864       288.5480       288.5763       288.5120       287.8831       286.7489       285.6412       284.9656    
 1957   284.6242       285.1207       285.9067       287.0555       287.8051       288.4944       288.6625       288.4949       287.7704       286.7087       285.7635       284.9816    
 1958   284.7481       285.0909       285.7280       286.7995       287.8336       288.5088       288.6686       288.4208       287.7724       286.6442       285.5535       284.8689    
 1959   284.5845       284.9519       285.8604       287.0271       287.7029       288.3817       288.6036       288.4037       287.6071       286.6802       285.5406       284.6824    
 1960   284.5790       285.0160       285.8424       286.9294       287.7264       288.2659       288.5474       288.2730       287.6992       286.6519       285.4332       284.6314    
 1961   284.6793       284.9540       285.9091       286.8760       287.8834       288.6200       288.7962       288.6094       287.9425       286.8297       285.7729       285.1121    
 1962   284.9258       285.2853       285.9112       286.9608       287.9585       288.4827       288.7630       288.6566       287.9380       286.9576       285.8094       285.1778    
 1963   285.1219       285.3193       286.2168       287.1465       288.0013       288.6238       288.9528       288.7373       288.1990       287.0467       285.9041       285.1678    
 1964   284.9331       285.3061       286.2675       287.2088       288.0897       288.6962       288.8462       288.5448       287.9706       286.8133       285.6497       285.0222    
 1965   284.8140       285.2539       286.0840       287.0402       287.7568       288.4012       288.7138       288.4265       287.7704       286.7188       285.5579       284.7580    
 1966   284.4241       284.8425       285.8036       286.7956       287.9312       288.5211       288.6912       288.6221       287.8703       286.7410       285.6098       284.6875    
 1967   284.5396       285.0381       285.8231       287.0049       287.8571       288.4279       288.5517       288.4895       287.8365       286.7909       285.7910       285.0082    
 1968   284.9321       285.1902       285.8793       287.0150       288.0340       288.6984       288.8871       288.6606       288.0027       286.9729       285.7160       284.9357    
 1969   284.7032       285.1176       285.8290       286.7860       287.8224       288.4795       288.7352       288.5022       287.8215       286.6314       285.4324       284.6504    
 1970   284.4761       285.0009       285.8440       286.7986       287.7723       288.3078       288.7272       288.6486       288.0019       286.8920       285.7719       284.8116    
 1971   284.7070       285.2027       286.0400       287.2506       288.0887       288.6881       289.0040       288.7949       288.0851       287.0486       285.9292       285.3137    
 1972   285.0817       285.4871       286.1791       287.2353       288.2134       288.8931       288.9731       288.7908       288.1635       287.1197       286.1219       285.4124    
 1973   284.9869       285.3719       286.4011       287.4075       288.1315       288.8037       289.0801       288.7485       288.1476       287.0946       286.0027       285.0761    
 1974   285.0322       285.5425       286.2289       287.0891       288.0297       288.4600       288.8260       288.7145       288.0787       286.9553       285.8330       285.2503    
 1975   285.0226       285.2851       286.1512       287.2713       288.0915       288.6694       288.8991       288.7343       288.2361       287.1469       285.8593       285.1895    
 1976   284.9246       285.2105       286.0815       287.2082       288.2801       288.8695       289.1001       288.9921       288.3859       287.2349       286.0884       285.4833    
 1977   285.0989       285.5533       286.3421       287.4172       288.2550       288.8386       289.0212       288.8226       288.1801       287.0961       286.0153       285.3694    
 1978   285.3192       285.4257       286.4366       287.2589       288.1646       288.5753       288.8284       288.8605       288.2012       287.1980       286.0212       285.1484    
 1979   285.0300       285.5539       286.3967       287.3934       288.1671       288.7509       289.1145       288.9035       288.3109       287.4319       286.3017       285.5166    
 1980   285.3360       285.7001       286.6438       287.7992       288.4710       288.9694       289.2173       289.1182       288.4202       287.3669       286.1843       285.5291    
 1981   285.4064       285.9691       286.6064       287.6606       288.4120       288.9141       289.1089       288.8878       288.1588       287.1855       286.0620       285.4970    
 1982   285.3928       285.7458       286.5142       287.3578       288.2372       288.8617       289.1128       288.8607       288.2264       287.2305       285.9892       285.1872    
 1983   284.9045       285.4329       286.2915       287.0912       288.0450       288.7426       288.8909       288.7829       288.1342       287.0848       285.9527       285.2247    
 1984   284.8987       285.5817       286.4643       287.4412       288.2083       288.8149       289.1204       289.0305       288.3443       287.4087       286.2046       285.5597    
 1985   285.1615       285.5457       286.4766       287.4747       288.2597       288.9516       289.1073       288.9127       288.3854       287.3896       286.1288       285.5705    
 1986   285.1615       285.6530       286.3451       287.2812       288.3088       288.8649       289.0972       288.8386       288.3366       287.2566       286.1902       285.4987    
 1987   285.2410       285.7442       286.6666       287.5641       288.2662       288.8946       289.2707       289.0153       288.3933       287.3918       286.3548       285.4713    
 1988   285.6926       285.8087       286.3922       287.5123       288.3495       288.9108       289.0921       289.0139       288.3709       287.3309       286.0926       285.5005    
 1989   285.3614       285.7591       286.5140       287.6192       288.5845       289.1837       289.3704       289.2024       288.6353       287.6572       286.6497       285.9156    
 1990   285.7095       285.9355       286.8143       287.8722       288.6883       289.2665       289.3988       289.2826       288.7000       287.6515       286.5290       286.0432    
 1991   285.6106       286.0369       286.9718       287.7216       288.5985       289.1666       289.3000       289.0871       288.3693       287.2188       286.0656       285.3297    
 1992   285.0338       285.2485       286.1118       287.0238       287.9197       288.5182       288.7513       288.6129       287.8789       286.8651       285.6330       285.0602    
 1993   285.0852       285.1131       286.0644       287.0585       287.8382       288.4987       288.8329       288.7003       287.9850       286.9551       285.7474       285.2246    
 1994   285.1071       285.3532       286.1115       287.3065       288.2744       288.9782       289.1567       288.9737       288.2361       287.4702       286.2049       285.4089    
 1995   285.2347       285.5785       286.5017       287.3534       288.3087       288.7564       289.0513       288.8560       288.2343       287.2780       286.2513       285.4891    
 1996   285.1086       285.4323       286.2844       287.4144       288.3047       289.0042       289.2460       289.1584       288.4751       287.4656       286.1913       285.5083    
 1997   285.2480       285.6199       286.4209       287.4977       288.3270       289.0142       289.2080       288.9276       288.4014       287.4166       286.3346       285.7196    
 1998   285.5668       285.9373       286.6822       287.8514       288.7579       289.2858       289.5268       289.3131       288.6880       287.6657       286.5106       285.8256    
 1999   285.7157       285.9866       286.8117       287.8583       288.7750       289.2869       289.4101       289.2385       288.6855       287.7903       286.6244       285.7841    
 2000   285.6519       286.0425       286.9792       287.8513       288.6466       289.1975       289.2755       289.1558       288.6265       287.7048       286.5031       285.8253    
 2001   285.4235       285.9966       286.5707       287.6912       288.6438       289.1706       289.4947       289.1926       288.5502       287.5280       286.3547       285.7559    
 2002   285.4265       286.0702       286.7711       287.8488       288.7029       289.2519       289.4215       289.2670       288.6259       287.6064       286.5461       285.9698    
 2003   285.6361       285.8767       286.7804       287.8864       288.8055       289.4248       289.6911       289.3804       288.7601       287.7879       286.7819       285.7957    
 2004   285.6116       286.0760       286.8139       287.7665       288.6279       289.1992       289.3687       289.2462       288.6445       287.5226       286.4027       285.6043    
 2005   285.4294       285.9180       286.6945       287.7703       288.5421       289.1584       289.4070       289.3057       288.7044       287.6172       286.3952       285.6731    
 2006   285.5423       285.8684       286.7841       287.6964       288.7130       289.2583       289.4461       289.2624       288.5868       287.6254       286.6240       285.5865    
 2007   285.4221       285.9143       286.6047       287.6514       288.5851       289.0515       289.3981       289.3227       288.8157       287.7239       286.6611       285.8346    
 2008   285.5222       285.9902       286.7928       287.8648       288.9136       289.5352       289.8067       289.6241       289.0096       287.9596       286.8393       286.2508    
 2009   286.1425       286.2095       286.9824       288.0349       288.8859       289.4415       289.6419       289.4249       288.8090       287.8689       286.6711       285.8318    
 2010   285.6380       286.0071       286.8986       287.7767       288.7314       289.4023       289.7149       289.5627       288.8300       287.8361       286.7553       285.9641    
 2011   285.6208       286.0544       286.8885       287.9316       288.8046       289.3855       289.6343       289.4908       288.9312       288.0706       287.0059       286.0603    
 2012   285.9257       286.1033       286.9970       287.9205       288.9354       289.6023       289.6844       289.6207       288.8997       287.9221       286.7426       285.8877    
 2013   285.7941       286.3727       287.3133       288.3086       289.1751       289.6217       289.8317       289.5809       289.1003       288.1608       286.9703       286.2512    
 2014   286.4140       286.5860       287.4736       288.3507       289.2677       289.8219       290.0268       289.8731       289.1633       288.1682       287.1537       286.4197    
 2015   286.3820       286.6270       287.6441       288.4214       289.2049       289.8615       290.1036       289.8174       289.1709       288.3428       287.2884       286.3940    
 2016   286.2180       286.7526       287.4615       288.5492       289.2070       289.6796       289.9872       289.7309       288.9523       288.0545       286.8053       286.2446    
 2017   286.1310       286.2687       287.2129       288.2402       289.0045       289.5720       289.8160       289.6790       288.9432       288.1622       287.1872       286.4024    
 2018   286.2214       286.5049       287.2816       288.1967       289.0734       289.5323       289.7539       289.6330       288.9560       288.0779       287.2111       286.4667    
 2019   286.1337       286.3810       287.2607       288.1469       288.9539       289.4211       289.6890       289.5910       288.8687       287.8651       286.7347       286.3100    
 2020   286.0639       286.4921       287.3857       288.3848       289.2097       289.8807       290.1035       289.8601       289.2584       288.3289       287.2239       286.5020    
 2021   286.3619       286.6477       287.6537       288.6013       289.4632       289.8975       290.0923       289.8729       289.3461       288.3235       287.4316       286.5721    
 2022   286.3734       286.5125       287.7307       288.5810       289.2596       289.7021       289.9431       289.7791       289.1712       288.1748       287.2992       286.3818    
 2023   286.0533       286.1498       287.2822       288.2945       289.1691       289.6921       290.0184       289.8300       289.0120       288.1641       287.1029       286.2498    
 2024   286.0706       286.3870       287.2753       288.2309       288.9858       289.5445       289.7566       289.5701       288.9718       288.0554       286.9431       286.2127    
 2025   285.9830       286.3218       287.4377       288.3861       289.1645       289.7931       290.0255       289.7981       289.1929       288.2665       287.1566       286.5363    
 2026   286.4697       286.9874       287.8135       288.6642       289.3917       290.0553       290.3720       290.2548       289.5361       288.4871       287.5701       286.6238    
 2027   286.6056       286.9032       287.8547       288.6842       289.5029       290.0475       290.1093       289.9102       289.3689       288.4037       287.2849       286.3915    
 2028   286.2026       286.5789       287.5202       288.3724       289.1879       289.6946       289.9615       289.6603       289.0750       288.3408       287.2019       286.4185    
 2029   286.1570       286.6883       287.3896       288.5438       289.2993       289.9030       290.0033       289.9962       289.3369       288.2596       287.1491       286.3895    
 2030   286.2604       286.4513       287.2259       288.2455       289.1133       289.7035       289.9800       289.7895       289.2404       288.2951       287.0760       286.4644    
 2031   286.3681       286.6161       287.4534       288.3712       289.2012       289.6506       289.9678       289.8658       289.2362       288.1357       286.9740       286.2183    
 2032   286.1112       286.3481       287.2748       288.2302       289.2229       289.7931       290.0736       289.7966       289.3282       288.3931       287.2780       286.5673    
 2033   286.5297       286.8773       287.6380       288.8115       289.5807       290.2720       290.4559       290.4079       289.5081       288.7533       287.7446       287.1759    
 2034   286.7360       287.2845       287.8746       288.8453       289.6363       290.2233       290.4649       290.1448       289.5434       288.5807       287.5838       286.8381    
 2035   286.4721       286.5986       287.5827       288.5791       289.3189       289.9746       290.1697       289.9458       289.3105       288.4103       287.3163       286.5725    
 2036   286.3011       286.7746       287.4580       288.5633       289.3421       289.8584       290.0860       290.0247       289.3540       288.4218       287.2403       286.5629    
 2037   286.4409       286.6148       287.5656       288.5883       289.2613       290.0459       290.3434       290.2588       289.6097       288.7668       287.6921       286.8285    
 2038   286.2001       286.7933       287.7801       288.8725       289.5761       290.3657       290.6248       290.4579       289.7537       288.8627       287.8480       286.8863    
 2039   286.9088       287.0098       288.0121       288.9872       289.8987       290.4260       290.6082       290.3977       289.7408       288.7755       287.8158       287.0482    
 2040   286.7171       287.1687       287.7589       288.9082       289.7377       290.3406       290.5917       290.5088       289.9148       288.8634       287.8862       287.1042    
 2041   286.7771       286.8934       287.7746       288.8215       289.6074       290.1396       290.3318       290.2470       289.7455       288.6924       287.6424       286.9764    
 2042   286.5662       287.1442       287.9339       289.0195       289.6977       290.2889       290.6039       290.4382       289.9042       289.0523       288.3613       287.6532    
 2043   287.6156       287.8426       288.6504       289.5378       290.3941       290.9294       291.0124       290.8788       290.1797       289.1300       288.0558       287.1987    
 2044   287.0465       287.1002       288.0416       288.9560       289.7227       290.2445       290.4905       290.3499       289.6971       288.6137       287.6075       286.7974    
 2045   286.5063       287.1280       287.7592       288.7709       289.6334       290.1242       290.4814       290.2708       289.7366       288.8521       287.5948       286.9246    
 2046   286.7141       286.9748       287.7384       288.7888       289.7137       290.3701       290.6450       290.5344       290.0806       288.9982       287.9536       287.1290    
 2047   286.9881       287.2604       287.8972       288.9845       289.8541       290.4376       290.5977       290.5070       290.0012       289.0992       288.1349       287.3477    
 2048   287.1425       287.3762       288.1524       289.2787       289.9849       290.5063       290.8026       290.7307       290.0814       289.1014       288.0914       287.2828    
 2049   287.0685       287.4702       288.2530       289.0854       289.8990       290.3606       290.6949       290.6659       290.1364       289.1400       288.1637       287.1177    
 2050   286.9249       287.2908       288.1150       289.0041       289.9353       290.5875       290.8078       290.6784       290.0997       289.3870       288.3632       287.5181    
 2051   287.2603       287.4626       288.3633       289.2864       290.0773       290.5686       290.8194       290.7165       290.1277       289.1432       288.2977       287.4420    
 2052   287.2309       287.4238       288.1966       289.3611       290.0667       290.5511       290.8622       290.7162       290.0758       289.1088       288.1324       287.3304    
 2053   287.3098       287.4489       288.4043       289.4317       290.2257       290.7187       290.9654       290.7344       290.1591       289.3266       288.4872       287.7602    
 2054   287.5415       287.8799       288.7063       289.6842       290.3833       290.9466       291.1028       291.0486       290.3539       289.5754       288.6708       287.8633    
 2055   287.5783       288.0387       288.7205       289.6292       290.3572       290.9539       291.1951       291.0248       290.5366       289.5192       288.6412       287.8385    
 2056   287.6172       287.8399       288.5915       289.3404       290.1394       290.7192       290.9730       290.8163       290.1756       289.1424       288.1632       287.4260    
 2057   287.1821       287.5341       288.3996       289.2589       290.0565       290.6066       290.7974       290.8325       290.1984       289.2740       288.3477       287.5227    
 2058   287.3348       287.6819       288.4729       289.4125       290.1635       290.8642       291.1938       291.0229       290.5565       289.6704       288.6256       287.8694    
 2059   287.7843       288.2108       288.8933       289.8164       290.5867       291.0914       291.3357       291.2336       290.6241       289.7659       288.6521       287.9487    
 2060   287.6531       288.0163       288.7106       289.7079       290.4008       290.9258       291.1146       290.9120       290.4010       289.5402       288.4513       287.7471    
 2061   287.4185       287.7286       288.4987       289.5608       290.3901       290.9264       291.3488       291.1418       290.3823       289.7650       288.7608       287.9644    
 2062   287.7416       288.1212       288.7170       289.6421       290.5646       291.1506       291.4513       291.2137       290.5693       289.6734       288.7256       288.0375    
 2063   287.7978       288.1084       288.7286       289.7576       290.6068       291.1842       291.3992       291.2490       290.7463       289.8403       288.9459       288.2047    
 2064   288.0801       288.1636       288.8954       289.8469       290.7189       291.2677       291.4803       291.1994       290.6057       289.7178       288.6699       287.8265    
 2065   287.5662       287.8117       288.6465       289.7603       290.5347       291.2007       291.3100       291.1642       290.4750       289.6736       288.7460       287.9974    
 2066   287.5712       287.8487       288.6997       289.7802       290.6704       291.0922       291.4118       291.0938       290.5220       289.6306       288.6503       287.9178    
 2067   287.6917       287.9799       288.5495       289.7570       290.5359       291.0123       291.2519       291.3189       290.7115       289.8367       289.0043       288.2270    
 2068   287.9062       288.2480       288.8561       289.9355       290.8476       291.5379       291.8271       291.7066       290.9770       290.1026       289.3312       288.6683    
 2069   288.3211       288.7222       289.4139       290.2484       291.0204       291.5843       291.7796       291.6926       290.9832       290.2628       289.4871       288.4465    
 2070   288.3211       288.3374       289.0866       290.1443       290.7892       291.2983       291.5777       291.5808       290.9181       289.9529       288.9389       288.1547    
 2071   287.9831       288.2127       288.8114       289.8352       290.7274       291.2319       291.5975       291.4772       290.9108       290.0371       288.9694       288.1624    
 2072   288.0384       288.4650       289.2185       290.3133       290.9362       291.4958       291.8792       291.7967       291.2961       290.4996       289.5322       288.8541    
 2073   288.6369       289.0302       289.5686       290.3908       291.3702       291.8179       292.0650       292.0061       291.4338       290.4000       289.4322       288.7267    
 2074   288.4543       288.8621       289.4039       290.2226       290.9959       291.4860       291.7356       291.5446       290.8848       289.9288       289.1129       288.4981    
 2075   288.1393       288.4219       289.1393       290.1938       290.9665       291.5055       291.7911       291.7650       291.2203       290.3609       289.4502       288.6685    
 2076   288.4666       288.6342       289.4242       290.4291       291.2254       291.8127       292.1122       291.9321       291.3694       290.6142       289.7524       288.8838    
 2077   288.6587       288.8122       289.5611       290.4754       291.2781       291.9496       292.1980       291.8726       291.1877       290.4760       289.5970       288.8422    
 2078   288.8589       289.0125       289.8286       290.6589       291.5084       292.0571       292.3986       292.2246       291.4448       290.5245       289.5848       288.9302    
 2079   288.6964       288.6352       289.4937       290.4548       291.1725       291.7332       292.0010       291.8998       291.2555       290.2374       289.2498       288.3839    
 2080   288.0635       288.4154       289.1770       290.1848       290.9484       291.5070       291.7861       291.6662       291.1133       290.2669       289.4090       288.5097    
 2081   288.1972       288.7162       289.6935       290.4616       291.3595       291.9258       292.2142       292.1376       291.4889       290.5963       289.5739       288.9535    
 2082   288.7371       288.8456       289.6604       290.5883       291.3422       292.0261       292.3283       292.0903       291.5801       290.5855       289.7272       289.0241    
 2083   288.6823       288.9470       289.7360       290.4796       291.4759       292.1974       292.3988       292.3819       291.7460       290.8823       290.0777       289.3010    
 2084   289.2549       289.4897       290.1338       291.0028       291.8229       292.4240       292.6696       292.5264       291.7018       290.7870       289.7545       288.9595    
 2085   289.0827       289.3082       290.0203       290.8890       291.5742       292.1560       292.4405       292.3432       291.7045       290.8284       290.0292       289.1952    
 2086   288.8978       289.1559       290.0184       290.8623       291.6234       292.2464       292.6012       292.4225       291.8154       290.9626       290.0273       289.3785    
 2087   289.0433       289.1238       289.9486       290.9938       291.7540       292.3725       292.6656       292.6773       291.8726       291.1216       290.1403       289.6107    
 2088   289.4683       289.7133       290.3240       291.2470       291.9966       292.6256       292.7610       292.6357       291.9535       291.1793       290.2231       289.4803    
 2089   289.4388       289.4810       290.2255       291.2283       291.8874       292.4445       292.6892       292.6313       291.8494       290.9223       290.1957       289.4789    
 2090   289.1913       289.5794       290.1733       291.0151       291.7254       292.3487       292.6814       292.5866       292.0002       291.1050       290.2784       289.4648    
 2091   289.1496       289.4081       290.3065       291.2465       291.9110       292.4401       292.7692       292.7261       292.0779       291.1802       290.1997       289.4654    
 2092   288.9533       289.6004       290.2124       291.0718       291.8507       292.5368       292.8443       292.7986       292.1531       291.1262       290.2864       289.5358    
 2093   289.3068       289.6303       290.1637       291.3813       292.1223       292.6528       292.9643       292.9377       292.3859       291.4915       290.6323       289.9347    
 2094   289.4561       289.9041       290.6778       291.3871       292.2442       292.6851       293.0729       292.9272       292.2980       291.3379       290.4216       289.6105    
 2095   289.4652       289.6212       290.0734       291.2526       291.9892       292.5497       292.8632       292.8206       292.1387       291.1759       290.2378       289.6351    
 2096   289.4130       289.5387       290.2968       291.0908       292.0652       292.6407       292.9724       292.8842       292.3148       291.3942       290.4644       289.8220    
 2097   289.6968       289.9325       290.6252       291.4718       292.3778       292.9509       293.3403       293.1209       292.3988       291.4901       290.5565       290.0248    
 2098   289.8393       289.9112       290.5501       291.4871       292.3525       292.7005       292.9447       292.9622       292.1990       291.4862       290.5351       290.1106    
 2099   289.8868       289.9070       290.4237       291.3504       292.2567       292.7134       293.1344       293.0747       292.2436       291.4044       290.5295       289.8262    
 2100   289.7088       289.9736       290.6242       291.5079       292.3619       292.8785       293.0335       292.9052       292.3086       291.5579       290.6004       289.8501    
 2101   289.8867       289.7491       290.5105       291.3958       292.1588       292.7632       293.0402       292.9832       292.2618       291.3173       290.4830       289.7397    
 2102   289.6607       289.9586       290.3489       291.4160       292.2447       292.8055       293.2000       293.1680       292.4837       291.5393       290.7130       289.7700    
 2103   289.6546       289.6944       290.5489       291.5096       292.2419       292.9306       293.2377       293.1162       292.5463       291.8471       290.8141       290.2617    
 2104   290.0277       290.2476       290.9535       291.8051       292.6322       292.9883       293.3217       293.2678       292.6405       291.7551       290.8269       289.9941    
 2105   289.9325       290.1382       290.7547       291.6127       292.3667       292.9726       293.2729       293.2683       292.6112       291.7329       290.8452       290.1781    
 2106   290.0854       290.3937       291.0173       291.8469       292.5812       293.4038       293.6314       293.5602       292.8498       292.0647       291.0763       290.5359    
 2107   290.1352       290.5745       291.3908       292.2280       292.8159       293.3568       293.7618       293.6515       293.0104       292.0049       291.0908       290.3637    
 2108   290.3445       290.3896       290.9034       291.8602       292.4186       292.9879       293.3445       293.3403       292.6824       291.6823       290.7516       290.1122    
 2109   290.1129       290.2222       290.9999       291.6740       292.3339       292.9057       293.5109       293.4233       292.8323       291.9601       291.0397       290.4318    
 2110   290.2920       290.6620       290.9683       291.8290       292.6785       293.4624       293.8858       293.8493       293.1764       292.2086       291.3495       290.6124    
 2111   290.6164       290.8426       291.3122       292.0713       292.7508       293.3893       293.7194       293.7546       293.1973       292.2900       291.4551       290.8521    
 2112   290.7874       290.9938       291.5885       292.4310       293.0936       293.7697       294.1747       294.1736       293.3894       292.4210       291.5145       290.5871    
 2113   290.7018       290.9787       291.4845       292.1530       292.9066       293.4803       293.8268       293.6030       292.9139       291.9812       291.1135       290.5305    
 2114   290.3094       290.5843       291.3280       292.1131       292.8149       293.4930       293.8763       293.7956       293.1509       292.2667       291.3243       290.7676    
 2115   290.5814       290.9039       291.6643       292.4427       293.1161       293.6912       294.0265       293.9697       293.2681       292.4672       291.3965       290.9042    
 2116   290.6877       290.9363       291.3345       292.2837       292.9950       293.6309       293.9905       293.8608       293.1585       292.3678       291.5045       290.7994    
 2117   290.5995       290.8922       291.2677       292.2800       293.0102       293.6675       294.0905       294.1237       293.4541       292.5407       291.5933       291.1664    
 2118   290.8787       291.1284       291.7808       292.5411       293.3510       293.9056       294.2860       294.3069       293.6331       292.6651       291.6279       291.0107    
 2119   290.9434       290.9515       291.6636       292.5413       293.2409       293.8902       294.2839       294.2134       293.6661       292.7487       291.9290       291.2474    
 2120   291.0526       291.1844       291.7401       292.5274       293.3224       293.9032       294.2040       294.1219       293.4732       292.4060       291.6223       290.9028    
 2121   290.7872       291.0212       291.5966       292.4036       293.1897       293.9426       294.3295       294.3737       293.7265       292.7859       291.8040       291.0343    
 2122   291.4325       291.6989       292.3123       292.8785       293.5822       294.2631       294.5490       294.4382       293.7190       292.7552       291.8222       290.8824    
 2123   290.6184       291.2680       291.7167       292.5426       293.2005       293.6511       294.1086       294.1479       293.3644       292.4703       291.4842       290.8454    
 2124   290.7242       291.1983       291.7338       292.5344       293.2133       293.8718       294.2657       294.3211       293.7025       292.7053       291.8113       291.1156    
 2125   291.1549       291.4755       292.0468       292.8880       293.5639       294.2226       294.6598       294.5746       293.9499       293.0529       292.0626       291.5500    
 2126   291.2945       291.5282       292.1406       292.9069       293.6946       294.2791       294.5721       294.4896       293.7442       292.7849       291.8610       291.1145    
 2127   291.1259       291.2377       291.8717       292.5326       293.2938       294.0050       294.3983       294.3360       293.8352       292.8408       291.8196       291.2908    
 2128   291.1809       291.7523       292.0462       292.7766       293.5407       294.2441       294.6747       294.6442       293.9480       292.9436       292.0674       291.4201    
 2129   291.2927       291.3692       292.1439       292.9500       293.7370       294.1764       294.4873       294.4430       293.8724       292.9471       291.7869       291.2903    
 2130   291.0294       291.5169       292.0342       292.8004       293.4756       294.1473       294.5985       294.5430       293.9099       292.8730       291.9514       291.2321    
 2131   291.2458       291.3563       292.1824       292.8482       293.6189       294.3183       294.6815       294.6904       294.0350       293.0730       292.2181       291.5592    
 2132   291.2960       291.5664       292.2894       293.1732       293.8940       294.4715       295.0948       295.0766       294.3270       293.3479       292.4515       291.8373    
 2133   291.9533       292.1885       292.6266       293.4222       294.1306       294.7484       295.0780       294.9435       294.1898       293.1347       292.2409       291.6352    
 2134   291.3947       291.8529       292.2180       293.0936       293.7568       294.3443       294.7629       294.7099       293.9660       293.0235       292.1602       291.4333    
 2135   291.2833       291.4258       292.0303       292.9298       293.5714       294.1696       294.7043       294.6383       294.0891       293.1547       292.1569       291.7212    
 2136   291.6410       292.0453       292.4539       293.3875       294.1914       294.8089       295.1979       295.0869       294.4304       293.4960       292.5857       291.6949    
 2137   291.4026       291.8940       292.5154       293.2992       293.8636       294.6124       295.0355       294.9486       294.3139       293.3506       292.3247       291.7411    
 2138   291.8150       291.8694       292.5208       293.4866       294.1917       294.6764       295.1275       295.0656       294.4480       293.5656       292.5370       291.8547    
 2139   291.9304       291.6757       292.4598       293.3603       294.0219       294.8782       295.2052       295.1964       294.5585       293.6123       292.7676       292.0809    
 2140   291.9734       292.2519       292.9019       293.6003       294.3173       295.0254       295.3509       295.2403       294.5748       293.6234       292.5990       291.8761    
 2141   291.7928       292.2202       292.7763       293.5037       294.1650       294.7350       295.1306       295.1285       294.5780       293.5832       292.8932       292.2554    
 2142   292.0785       292.4034       292.9413       293.6342       294.4284       295.0546       295.4533       295.3422       294.5633       293.4659       292.5892       291.9842    
 2143   291.8046       292.0497       292.6256       293.2292       294.1187       294.8449       295.3443       295.3158       294.7196       293.7836       292.7528       292.2244    
 2144   292.2212       292.3549       292.9899       293.6334       294.2499       294.8033       295.3199       295.2352       294.6213       293.5934       292.7067       292.0904    
 2145   291.8970       292.0903       292.7126       293.4628       294.2545       295.0029       295.4826       295.3088       294.6474       293.8568       292.7539       292.1011    
 2146   292.0603       292.4084       292.8628       293.5746       294.2283       295.0067       295.5223       295.3887       294.8070       293.9056       293.0183       292.4320    
 2147   292.2046       292.6880       293.0294       293.7134       294.3440       295.1264       295.4567       295.5689       294.8839       293.8681       293.0088       292.2823    
 2148   292.4773       292.4881       293.2648       293.8612       294.4942       295.3073       295.7378       295.6352       295.0515       294.1124       293.1616       292.5458    
 2149   292.2495       292.6258       293.1414       293.9801       294.5301       295.1972       295.5915       295.4941       294.8055       293.8191       292.9406       292.5556    
 2150   292.2854       292.4007       293.0008       293.8078       294.4599       295.0898       295.6537       295.5743       294.9336       293.8563       292.9637       292.3537    
 2151   292.1568       292.4886       293.2966       293.8917       294.6801       295.3557       295.7977       295.8162       295.1320       294.1574       293.2102       293.0915    
 2152   292.8882       293.2739       293.7852       294.3074       294.8760       295.4994       295.9255       295.8723       295.1101       294.0315       293.0220       292.2357    
 2153   292.3562       292.5476       293.1952       293.8972       294.4563       295.0732       295.5457       295.5267       294.9703       293.9041       292.9704       292.3974    
 2154   292.2395       292.6364       293.2491       293.9390       294.5262       295.1606       295.6830       295.6360       295.0439       294.0900       293.0483       292.6190    
 2155   292.7164       292.7536       293.1971       293.8914       294.5601       295.2712       295.6783       295.6855       295.1365       294.0871       293.2804       292.5932    
 2156   292.3660       292.5547       293.0590       293.9194       294.5270       295.1779       295.6430       295.5208       294.9698       293.9346       293.0077       292.2441    
 2157   292.3317       292.6224       293.2410       294.0284       294.7099       295.4623       295.9697       295.9723       295.4113       294.4489       293.5048       292.9626    
 2158   293.1045       293.3145       293.8654       294.4379       295.1656       295.8550       296.2130       296.2119       295.4475       294.3947       293.4392       292.6512    
 2159   292.6419       292.9651       293.4836       294.2318       294.8055       295.4230       296.0101       295.9346       295.2780       294.2233       293.1425       292.7307    
 2160   292.4478       292.9890       293.5367       294.2966       295.0222       295.6220       296.1599       296.1480       295.4673       294.3563       293.4327       292.9755    
 2161   292.6379       293.1227       293.8488       294.4071       295.0454       295.7829       296.2358       296.1747       295.4182       294.5559       293.4095       292.8033    
 2162   292.8641       293.0799       293.6237       294.3934       295.0789       295.8433       296.2083       296.2021       295.4243       294.3642       293.5217       292.8883    
 2163   292.6811       292.9283       293.6078       294.2118       294.8976       295.5575       296.1122       296.0551       295.4417       294.4866       293.4579       292.9985    
 2164   292.8051       293.0801       293.7815       294.3618       295.0080       295.5967       296.0934       296.0955       295.5397       294.4744       293.6593       292.9155    
 2165   292.7450       293.1840       293.8129       294.4667       295.1336       295.7701       296.4035       296.3776       295.6482       294.7082       293.6698       292.9600    
 2166   292.8607       293.3745       293.7845       294.5332       295.1057       295.8392       296.3872       296.3359       295.6777       294.6802       293.7476       292.8584    
 2167   292.6167       293.1657       293.7790       294.4831       295.1512       295.8820       296.3635       296.2989       295.6212       294.6200       293.7227       293.0238    
 2168   292.9707       293.2677       293.8796       294.5538       295.2460       295.9692       296.4580       296.5120       295.8182       294.6699       293.7983       293.2673    
 2169   293.3730       293.4440       293.9214       294.4048       295.1235       295.7216       296.1468       296.0624       295.3401       294.3256       293.4923       292.7668    
 2170   292.5721       293.0242       293.5723       294.3086       294.8740       295.5275       296.1183       296.1696       295.4706       294.4306       293.3361       292.8772    
 2171   292.6735       293.1360       293.5941       294.3954       295.1943       296.0262       296.5495       296.4756       295.8051       294.8698       294.0430       293.3152    
 2172   293.3248       293.6863       294.1557       294.6839       295.5139       296.2763       296.7784       296.6455       295.8476       294.7675       293.7928       293.0570    
 2173   292.9434       293.3051       293.7516       294.4037       295.0828       295.6972       296.1568       296.2062       295.4713       294.5543       293.6654       292.9109    
 2174   292.9124       293.0912       293.5907       294.4078       295.1196       295.9188       296.3061       296.2627       295.5956       294.7092       293.7872       293.1449    
 2175   293.0999       293.2609       294.1853       294.7618       295.4751       296.0181       296.6291       296.6001       296.0117       294.9514       294.0052       293.4734    
 2176   293.3388       293.6286       294.3246       294.7935       295.4957       296.2363       296.5690       296.5264       295.7883       294.8387       293.9585       293.3029    
 2177   293.3557       293.4591       294.0201       294.7638       295.4317       296.0760       296.6225       296.5401       295.9182       294.9703       294.0114       293.6504    
 2178   293.4101       293.6641       294.0754       294.8405       295.3991       296.1702       296.6417       296.5757       295.8690       294.9349       293.8709       293.2571    
 2179   293.2440       293.5865       294.2881       294.7858       295.5377       296.2472       296.7538       296.8320       296.1429       294.9889       293.9753       293.2765    
 2180   293.3002       293.6110       294.2163       294.8875       295.4259       296.0485       296.6391       296.8327       296.1680       295.1432       294.2475       293.6657    
 2181   293.7279       293.7408       294.5197       295.2296       295.9166       296.6295       296.9926       297.0187       296.2570       295.2023       294.1446       293.4365    
 2182   293.2126       293.6532       294.2845       294.8394       295.5408       296.1468       296.7084       296.7184       296.1832       295.1389       294.2233       293.6085    
 2183   293.4474       293.7458       294.3457       295.0135       295.7565       296.5020       296.9797       297.0075       296.3634       295.4194       294.4584       293.9032    
 2184   293.8109       294.1976       294.6472       295.0747       295.7651       296.4815       296.8748       296.7502       296.2006       295.1336       294.0104       293.5437    
 2185   293.4840       293.7882       294.4590       295.0140       295.7527       296.5854       296.9716       296.9825       296.3656       295.3979       294.5353       293.7593    
 2186   293.7453       293.9642       294.6178       295.3788       295.9215       296.7235       297.2090       297.1229       296.5515       295.5206       294.5828       293.8400    
 2187   293.7918       294.0574       294.6636       295.3047       295.9401       296.6201       297.0298       296.9698       296.2059       295.2349       294.2270       293.6441    
 2188   293.5244       293.8784       294.3948       295.1469       295.8671       296.5986       297.1319       297.1160       296.3876       295.4321       294.4521       293.8340    
 2189   293.8393       294.0756       294.4887       295.2113       295.9008       296.6468       297.1611       297.1760       296.6055       295.5561       294.5638       294.0627    
 2190   293.9341       294.3977       294.8523       295.6759       296.2185       296.7947       297.3290       297.2249       296.5326       295.5251       294.3749       294.0630    
 2191   293.8892       294.1951       294.6705       295.3757       295.9811       296.5705       296.9931       296.9159       296.1012       295.2072       294.2939       293.8571    
 2192   293.5887       293.7426       294.5341       295.2404       295.8300       296.4821       296.8562       296.8276       296.1817       295.2466       294.3860       293.6268    
 2193   293.3387       293.8767       294.4527       295.0789       295.8257       296.4979       296.9891       296.9494       296.3555       295.4496       294.5559       293.9282    
 2194   293.6274       294.1460       294.8064       295.3508       296.1487       296.8130       297.2653       297.3640       296.6703       295.6534       294.7940       294.0502    
 2195   294.0210       294.2155       294.7836       295.4218       296.0993       296.8420       297.3766       297.3546       296.7914       295.7535       294.8406       294.4393    
 2196   294.3134       294.5910       295.0946       295.6705       296.3607       296.9255       297.3778       297.2239       296.4937       295.3845       294.5004       293.9302    
 2197   293.7857       294.2196       294.7120       295.3737       295.9959       296.7655       297.1732       297.2711       296.5347       295.4680       294.5200       293.9131    
 2198   293.7362       294.0326       294.5010       295.3640       296.1102       296.8829       297.3085       297.3397       296.7841       295.7737       294.8590       294.0903    
 2199   293.9519       294.2430       294.8666       295.5571       296.1826       296.8680       297.3780       297.3076       296.7160       295.6422       294.8431       294.0127    
 2200   294.1126       294.2566       294.7448       295.6370       296.3040       296.9253       297.3474       297.3481       296.5677       295.5546       294.7894       293.9298    
 2201   294.1102       294.5633       294.8847       295.5559       296.1798       296.9886       297.4465       297.4652       296.8206       295.8427       294.7618       294.0784    
 2202   294.0242       294.3728       294.9591       295.4746       296.1667       296.9518       297.3329       297.5156       296.8122       295.8839       294.8777       294.4398    
 2203   294.2208       294.5592       294.9461       295.4956       296.1785       297.0635       297.6543       297.5605       297.0599       295.8593       295.0070       294.4446    
 2204   294.3751       294.7358       295.2861       295.8474       296.3985       297.0887       297.3975       297.3616       296.7472       295.7587       294.7576       294.2090    
 2205   294.0437       294.1877       294.9018       295.5084       296.3166       296.9220       297.5265       297.4947       296.8176       295.8277       294.8430       294.1835    
 2206   294.1353       294.3294       294.9816       295.6716       296.2685       296.9917       297.6003       297.6332       296.9736       295.8338       294.8358       294.1807    
 2207   294.1166       294.5679       295.0448       295.6947       296.4731       297.1523       297.7131       297.7165       297.2084       296.1818       295.2057       294.5916    
 2208   294.3662       294.8139       295.4007       295.9492       296.6081       297.2807       297.6984       297.6176       296.9627       295.9276       294.7065       294.2361    
 2209   294.0471       294.2344       294.7825       295.6961       296.2448       296.8243       297.3513       297.3788       296.7564       295.5044       294.7152       294.0078    
 2210   294.0064       294.1885       294.6994       295.4960       296.1986       297.0438       297.4394       297.4191       296.7966       295.8105       294.8439       294.3029    
 2211   293.9759       294.1558       294.8010       295.5303       296.2677       297.0539       297.5737       297.6111       297.0110       295.9553       295.0720       294.2295    
 2212   294.4625       294.7893       295.3168       295.9705       296.6454       297.2809       297.7129       297.5781       296.9055       295.9095       294.8922       294.2096    
 2213   294.1335       294.2737       295.0109       295.7193       296.2627       296.9529       297.4696       297.4512       296.7162       295.6834       294.8046       294.1587    
 2214   294.1220       294.3053       294.9146       295.6272       296.4508       297.1017       297.7421       297.7019       297.1119       296.1153       295.0963       294.5742    
 2215   294.5232       294.7564       295.3926       295.9032       296.5153       297.3691       297.9315       297.9406       297.2682       296.1888       295.3144       294.5341    
 2216   294.4093       294.6268       295.2967       295.8242       296.4284       296.9738       297.6801       297.6143       297.0019       295.8541       294.9798       294.2181    
 2217   294.0697       294.2609       294.8251       295.5829       296.3900       297.1734       297.7210       297.7195       297.1574       296.0871       295.0620       294.5212    
 2218   294.5415       294.9564       295.3498       296.0053       296.5500       297.2935       297.8183       297.9570       297.4252       296.3718       295.4731       294.6862    
 2219   294.4925       294.9049       295.3155       296.0500       296.7202       297.4595       298.0689       298.1337       297.5106       296.3837       295.3763       294.7993    
 2220   294.5754       294.8286       295.3240       296.0253       296.7116       297.4209       297.9163       297.9691       297.3841       296.3000       295.1996       294.5910    
 2221   294.4618       294.8680       295.4472       296.0191       296.8347       297.4983       297.9213       297.9683       297.3492       296.2267       295.2151       294.7958    
 2222   294.6628       294.6429       295.2410       296.0091       296.5870       297.3632       297.7007       297.6740       296.9424       295.9379       294.9924       294.2591    
 2223   294.1262       294.4306       295.1312       295.8404       296.4852       297.2761       297.7625       297.8947       297.2386       296.1257       294.9666       294.6223    
 2224   294.3456       294.5575       295.2816       295.9653       296.5122       297.4091       297.9179       297.9502       297.3401       296.3940       295.2617       294.8218    
 2225   294.7250       295.0201       295.5510       296.2111       296.9386       297.5905       298.0463       298.0043       297.2582       296.3114       295.2848       294.4589    
 2226   294.4705       294.6796       295.2450       296.0118       296.6560       297.3874       298.0032       297.9892       297.4508       296.3982       295.3017       294.9198    
 2227   294.7699       295.0619       295.7243       296.2748       297.0116       297.7385       298.2493       298.2126       297.5531       296.4600       295.4885       294.7210    
 2228   294.6678       294.9814       295.4868       296.0051       296.6772       297.4791       297.9530       297.9235       297.1967       296.2648       295.3051       294.8132    
 2229   294.4838       294.5947       295.2489       295.9232       296.6599       297.3446       297.7811       297.8889       297.1141       296.1224       295.2345       294.6496    
 2230   294.6541       294.8023       295.3397       296.0500       296.7200       297.5337       297.9928       297.9894       297.4574       296.3243       295.4458       295.0979    
 2231   295.0822       295.0625       295.6996       296.0425       296.8722       297.4500       297.9344       297.8428       297.2372       296.1596       295.1696       294.4080    
 2232   294.5765       294.7762       295.3074       296.0418       296.6677       297.3814       297.9348       297.9848       297.2877       296.2556       295.3292       294.6039    
 2233   294.6266       295.0240       295.4224       296.0595       296.6188       297.5632       297.9624       297.9451       297.4667       296.3806       295.3839       294.9695    
 2234   294.7513       295.0906       295.4695       296.1722       296.8939       297.6432       298.2101       298.3093       297.6133       296.5619       295.4971       295.0295    
 2235   294.7917       295.2394       295.4930       296.1429       296.7491       297.4460       297.9925       297.9588       297.4218       296.2940       295.3069       294.6459    
 2236   294.5868       294.8814       295.4395       296.1256       296.8029       297.5012       298.0608       298.0987       297.4515       296.3227       295.5234       294.9712    
 2237   294.7633       295.3618       295.8448       296.2804       296.9141       297.6077       298.2332       298.2498       297.7558       296.6974       295.6006       295.1200    
 2238   294.9763       295.3479       295.6938       296.2311       296.9268       297.6284       298.0942       297.9907       297.4354       296.4223       295.4162       294.9998    
 2239   295.0110       295.4767       295.8402       296.2643       296.8830       297.6927       298.2273       298.1187       297.5017       296.5231       295.5527       295.0651    
 2240   295.0354       295.3330       295.9023       296.4159       297.0058       297.7226       298.2491       298.2244       297.6080       296.4708       295.4530       294.8697    
 2241   294.7759       295.0188       295.5066       296.1030       296.8707       297.4519       297.8599       297.9075       297.3424       296.3073       295.3748       294.7090    
 2242   294.6180       295.0814       295.3016       296.0996       296.8317       297.6954       298.0490       298.0596       297.3898       296.4185       295.3706       294.9333    
 2243   294.9360       295.2464       295.7797       296.3712       296.9631       297.7762       298.2115       298.3047       297.7201       296.6829       295.6733       295.0318    
 2244   294.9288       295.1624       295.9469       296.3683       297.2116       297.6395       298.1162       298.1243       297.4521       296.3504       295.4357       294.9047    
 2245   294.7645       294.7051       295.4751       296.2462       296.8367       297.6441       298.1817       298.1172       297.5978       296.5908       295.4814       294.8114    
 2246   294.6014       295.2762       295.5114       296.1849       297.0275       297.7624       298.2126       298.2690       297.6116       296.5898       295.5828       295.0450    
 2247   294.9367       295.2013       295.7213       296.3160       297.1375       298.0101       298.5379       298.6228       297.8874       296.8249       295.8696       295.2416    
 2248   295.0619       295.4512       295.8082       296.3349       297.0201       297.8628       298.3407       298.2509       297.5827       296.4634       295.5476       294.9450    
 2249   294.5390       295.1237       295.6821       296.3546       297.1034       297.8621       298.3398       298.3801       297.7992       296.8072       295.8476       295.2865    
 2250   295.3369       295.5599       295.9380       296.5443       297.1501       297.9079       298.4333       298.3506       297.6695       296.6724       295.6992       295.0396    
 2251   295.2545       295.1860       295.9708       296.5085       297.0598       297.8694       298.2282       298.3919       297.5637       296.6351       295.5582       295.0349    
 2252   294.9840       295.2369       295.7748       296.5105       297.1916       297.8716       298.3701       298.3604       297.7809       296.7715       295.8646       295.2262    
 2253   294.7990       295.0782       295.9000       296.5588       297.1710       297.9200       298.4627       298.6234       297.9749       296.8509       295.8857       295.5363    
 2254   295.4546       295.6322       296.0986       296.7888       297.4079       298.1035       298.6060       298.5475       297.7643       296.7454       295.7120       295.1266    
 2255   294.9301       295.3766       295.8922       296.4341       296.9561       297.5895       298.0224       298.1482       297.5875       296.5930       295.5354       295.0118    
 2256   294.8894       295.1819       295.7833       296.4690       297.0300       297.7910       298.5370       298.4807       297.9190       296.9405       295.8704       295.2623    
 2257   295.3199       295.7120       296.1975       296.6544       297.4225       298.0330       298.6647       298.6765       298.0985       296.8761       295.8629       295.2198    
 2258   295.0691       295.2771       295.9009       296.4727       297.0454       297.6874       298.1288       298.1998       297.4860       296.5650       295.5414       294.8967    
 2259   294.9005       295.1519       295.7125       296.5505       297.2807       298.0868       298.5869       298.6102       297.8344       296.8789       295.9732       295.3759    
 2260   295.2734       295.6698       296.1949       296.7570       297.4526       298.2186       298.6898       298.7872       297.9529       296.9090       296.0107       295.3664    
 2261   295.1784       295.3493       295.9301       296.4895       297.2203       297.9923       298.4295       298.4559       297.7224       296.6036       295.6749       295.0041    
 2262   294.8723       295.3241       295.7332       296.5045       297.1744       297.9556       298.3086       298.3873       297.8687       296.8395       295.9373       295.3923    
 2263   295.4035       295.6494       296.1388       296.6531       297.3395       298.0994       298.5609       298.6199       298.1310       296.9473       295.9601       295.5109    
 2264   295.3545       295.7147       296.1971       296.6166       297.2299       298.0121       298.6063       298.6947       297.9671       296.8342       296.0424       295.5154    
 2265   295.4055       295.5986       295.9735       296.5406       297.2077       297.8672       298.4652       298.3436       297.6414       296.6979       295.6645       295.0872    
 2266   294.9766       295.4130       295.8309       296.5318       297.1583       297.9619       298.5245       298.5325       297.8249       296.7468       295.8506       295.2012    
 2267   295.3821       295.6398       296.1185       296.6573       297.2025       298.0166       298.4359       298.4884       297.7898       296.8661       295.9502       295.0914    
 2268   295.1665       295.3643       295.9774       296.6517       297.2774       297.9473       298.5059       298.4666       297.8241       296.6548       295.8362       295.1754    
 2269   294.9421       295.3834       295.7498       296.5097       297.2290       297.8290       298.3823       298.5027       297.8452       296.8905       296.0126       295.3089    
 2270   295.4691       295.6813       295.9291       296.7481       297.3481       298.1320       298.8731       299.0508       298.3672       297.1396       296.1400       295.8053    
 2271   295.5313       295.7768       296.3788       296.6866       297.3762       297.8778       298.3119       298.3973       297.7636       296.7791       295.8767       295.3360    
 2272   295.0753       295.3567       295.7982       296.6942       297.2714       298.0645       298.5456       298.4848       297.7466       296.8571       295.9408       295.2134    
 2273   295.2887       295.5308       296.0157       296.7572       297.2638       297.9918       298.5251       298.5164       297.8884       296.8929       295.9863       295.3032    
 2274   295.2249       295.4804       296.0754       296.6942       297.3737       298.1851       298.6412       298.5596       297.9409       296.9698       295.9921       295.3491    
 2275   295.2032       295.7451       295.9790       296.6423       297.4321       298.0772       298.5290       298.5387       297.8826       296.8596       295.9489       295.3968    
 2276   295.1986       295.4844       296.1786       296.6766       297.3067       298.0834       298.6941       298.7650       298.1170       297.0612       296.0888       295.5117    
 2277   295.5574       295.8311       296.4545       297.0415       297.7160       298.4077       298.7982       298.9442       298.2041       297.1472       296.2921       295.4844    
 2278   295.3921       295.6723       295.9879       296.7253       297.4417       298.2330       298.7144       298.7478       298.2160       297.1335       296.0400       295.2827    
 2279   295.4294       295.4787       295.9012       296.6487       297.2564       297.9500       298.4144       298.5131       297.8871       296.8532       295.8890       295.3378    
 2280   295.4162       295.2037       296.0252       296.7220       297.3513       298.1476       298.7487       298.8389       298.1592       297.1006       296.1237       295.6905    
 2281   295.7098       295.7649       296.3607       296.7751       297.5077       298.0838       298.5648       298.5402       297.8480       296.7740       295.8933       295.3190    
 2282   295.2971       295.4106       296.0354       296.6574       297.4214       298.0510       298.5175       298.5714       297.8953       296.9290       295.9858       295.3808    
 2283   295.2502       295.6772       296.0345       296.8183       297.4977       298.2122       298.7050       298.7428       298.1387       297.1456       296.1409       295.6513    
 2284   295.5839       295.8079       296.4843       297.0387       297.5640       298.3523       298.6764       298.6754       297.9420       296.8706       296.0203       295.2971    
 2285   295.1873       295.5618       296.0045       296.8283       297.3933       298.0384       298.4801       298.4703       297.7519       296.7361       295.6128       295.2195    
 2286   295.2333       295.2332       296.0420       296.6802       297.3867       298.1054       298.7015       298.6106       298.1258       297.1153       296.0739       295.5131    
 2287   295.2369       295.5510       296.2701       296.8384       297.4632       297.9714       298.5539       298.6048       297.9926       297.0353       296.0315       295.3441    
 2288   295.2433       295.5659       296.2077       296.7629       297.5651       298.4446       298.8615       298.8292       298.2620       297.2274       296.0719       295.5107    
 2289   295.5601       295.8304       296.3063       296.9334       297.4911       298.2178       298.7039       298.6366       297.9621       296.9705       296.2274       295.5048    
 2290   295.5311       295.9404       296.3278       296.7590       297.3837       298.2014       298.8145       298.7970       298.2391       297.1954       296.2347       295.7188    
 2291   295.4748       295.9355       296.3785       296.9894       297.7296       298.3606       298.9359       298.9576       298.1931       297.1678       296.2950       295.5020    
 2292   295.3651       295.6841       296.2621       296.9137       297.4193       298.0396       298.6106       298.7282       298.0601       297.0875       296.0630       295.5601    
 2293   295.5071       295.7916       296.3372       296.9771       297.5502       298.3230       298.8529       298.7433       298.1794       297.1418       296.1523       295.6239    
 2294   295.5214       295.8998       296.5268       296.8985       297.6127       298.3785       298.8165       298.9053       298.1671       297.0977       296.3463       295.5353    
 2295   295.6893       296.0139       296.4086       297.0221       297.6577       298.4002       298.8962       299.0644       298.4091       297.2883       296.3423       295.7284    
 2296   295.6821       295.8649       296.5045       296.9007       297.4705       298.2317       298.8010       298.9414       298.2961       297.2166       296.2202       295.8259    
 2297   295.7495       296.0201       296.4380       296.8832       297.6162       298.5012       298.9377       298.9616       298.2635       297.2705       296.2650       295.6244    
 2298   295.6218       295.7212       296.2026       296.8985       297.5568       298.1096       298.6141       298.6188       297.8034       296.8257       296.0226       295.5087    
 2299   295.2450       295.7175       296.1267       296.6402       297.4911       298.2129       298.7321       298.8187       298.2535       297.2901       296.2986       295.7109    
 2300   295.6134       295.8681       296.3335       296.9098       297.6295       298.3666       298.9206       298.9513       298.2635       297.1959       296.1682       295.4758    
