# tas [K] from IPSL-CM5A-MR model output prepared for CMIP5 RCP8.5 r1i1p1
# cutting out region lon=   -1.250  358.750, lat=  -90.000   90.000
 1850   284.1549       284.5632       285.1764       286.1617       286.9663       287.8030       288.1684       288.1061       287.3051       286.0534       284.7377       283.9397    
 1851   284.0660       284.5234       285.3616       286.1383       286.9102       287.7278       288.0403       287.9659       287.1673       285.9997       285.0066       284.1966    
 1852   284.0915       284.5176       285.1731       286.0677       287.0282       287.7861       288.1345       287.9738       287.2780       286.2024       284.9660       284.2106    
 1853   284.3491       284.7232       285.4293       286.4557       287.1723       287.9815       288.3467       288.2157       287.5585       286.3108       285.0918       284.3254    
 1854   284.3857       284.8516       285.5894       286.1457       287.1009       287.9033       288.3662       288.2186       287.4520       286.1705       285.2731       284.3934    
 1855   284.1816       284.5895       285.4508       286.3428       287.1629       287.8587       288.1585       288.0773       287.4303       286.1287       284.8672       284.1730    
 1856   284.0999       284.3935       285.0937       286.1433       287.0740       287.7800       288.1299       288.0168       287.3425       286.0308       284.7923       284.0527    
 1857   284.0291       284.4928       285.2753       285.9403       286.9305       287.7172       288.0891       287.9070       287.1622       285.8181       284.7937       283.9852    
 1858   284.1967       284.4352       285.2399       286.0533       287.0725       287.8679       288.1532       288.0031       287.3225       286.0636       284.8058       284.1344    
 1859   284.2217       284.4385       285.2690       286.0717       286.9524       287.6487       288.0550       287.9395       287.2216       285.9828       284.8622       284.1522    
 1860   283.9999       284.3791       285.1674       286.0464       286.9746       287.9205       288.3147       288.1352       287.4040       286.0810       285.0598       284.2486    
 1861   284.3591       284.6546       285.3842       286.2701       287.2727       288.0342       288.3722       288.3162       287.5126       286.2985       284.8914       284.3058    
 1862   284.5223       284.6942       285.3681       286.1362       286.9533       287.7278       288.0840       287.9715       287.2583       286.1262       284.9315       284.1796    
 1863   284.2152       284.6329       285.3317       286.2297       287.1000       287.7699       288.1489       288.0647       287.2875       286.0229       284.7640       284.1084    
 1864   284.0253       284.4203       285.2168       286.1539       287.1026       287.8214       288.0971       288.1294       287.2397       285.9656       284.7706       284.2578    
 1865   284.1663       284.4473       285.3627       286.3091       287.1044       287.8907       288.3428       288.2308       287.3518       286.1239       285.0073       284.3375    
 1866   284.5069       284.8917       285.5938       286.3045       287.2784       287.9176       288.2930       288.2117       287.4836       286.1582       284.8871       284.1322    
 1867   284.1878       284.6645       285.2760       286.2537       287.0152       287.7673       288.1745       288.1356       287.3476       286.2173       284.9501       284.5171    
 1868   284.5149       284.7569       285.5056       286.3918       287.2303       287.9360       288.2739       288.2162       287.3788       286.1703       285.1627       284.4228    
 1869   284.2690       284.7455       285.4310       286.3780       287.2238       287.8836       288.2276       288.0157       287.3116       286.0968       284.9408       284.2972    
 1870   284.1639       284.7790       285.2069       286.3333       287.1912       287.9506       288.4616       288.3808       287.5631       286.3080       285.2298       284.4199    
 1871   284.4580       284.6512       285.3803       286.3109       287.2136       288.0192       288.4445       288.1993       287.3723       286.1758       284.9638       284.3414    
 1872   284.2748       284.5386       285.2680       286.2647       287.1050       287.8069       288.1903       288.2191       287.4167       286.2942       285.2010       284.5895    
 1873   284.3792       284.7564       285.5455       286.3569       287.3321       288.1107       288.5081       288.5006       287.5849       286.2942       285.1839       284.4900    
 1874   284.4559       284.8681       285.5786       286.2569       287.2465       287.8238       288.2159       288.1102       287.3602       286.0704       285.1582       284.3869    
 1875   284.2140       284.4370       285.3334       286.1243       287.1971       287.9844       288.3143       288.2638       287.4569       286.2663       284.9760       284.3605    
 1876   284.1949       284.6531       285.5365       286.1886       287.1174       287.9207       288.2397       288.1307       287.4578       286.1909       285.0183       284.4910    
 1877   284.3387       284.7009       285.4539       286.3408       287.1526       287.8226       288.2673       288.2649       287.4996       286.2601       285.0882       284.3793    
 1878   284.3284       284.7510       285.4332       286.4545       287.4001       288.0768       288.3932       288.3112       287.5083       286.2731       285.0522       284.3737    
 1879   284.3218       284.7567       285.3800       286.3894       287.1445       287.9503       288.3257       288.1513       287.4258       286.1101       284.9977       284.5010    
 1880   284.3755       284.7773       285.5524       286.2609       287.3324       287.9355       288.3094       288.2925       287.4823       286.2392       285.1795       284.6699    
 1881   284.5843       284.8999       285.5888       286.4714       287.2967       288.0172       288.4320       288.2349       287.5108       286.2195       285.0096       284.5470    
 1882   284.4336       284.6429       285.4577       286.2425       287.1154       287.8777       288.3905       288.3089       287.5037       286.3042       285.0421       284.1391    
 1883   284.2980       284.6467       285.3351       286.2509       287.1494       287.8443       288.1695       288.0882       287.3408       286.0994       285.0772       284.1512    
 1884   284.0174       284.6928       285.2602       285.9732       286.8749       287.7137       287.9952       287.9247       287.0833       285.8072       284.6055       283.8776    
 1885   283.9367       284.3079       285.0134       285.9152       286.8214       287.6215       287.8517       287.8005       286.9416       285.6550       284.5205       283.9277    
 1886   283.7495       284.2621       285.0207       285.7895       286.7042       287.5579       288.0425       287.9648       287.2100       285.9864       284.7518       284.0426    
 1887   284.0893       284.6683       285.3688       286.1934       287.0040       287.6376       287.9709       287.9244       287.0895       285.8541       284.8644       284.1216    
 1888   283.9792       284.2497       285.2272       286.1628       287.0145       287.7414       288.1244       287.9709       287.2208       285.9478       284.8752       284.1887    
 1889   284.0541       284.5304       285.1731       286.1720       287.0007       287.7659       288.1335       287.9605       287.1966       285.8813       284.8215       284.1744    
 1890   283.9321       284.2314       285.0491       286.1153       286.8862       287.6717       288.1744       288.0051       287.1330       286.0573       284.8405       284.1797    
 1891   284.2191       284.5411       285.2147       286.0866       287.0085       287.8619       288.2069       288.1085       287.2144       285.9196       284.8471       284.2197    
 1892   284.2408       284.4688       285.4067       286.1064       287.0416       287.9429       288.3435       288.1451       287.2206       285.8669       284.6970       284.2292    
 1893   284.0871       284.4665       285.2371       286.2236       287.2881       288.0102       288.3321       288.3284       287.5630       286.1830       284.9564       284.4214    
 1894   284.2868       284.7555       285.2868       286.3101       287.0109       287.8501       288.2657       288.2166       287.4777       286.1458       285.0596       284.3404    
 1895   284.1980       284.4960       285.2057       286.2014       287.1382       287.8343       288.3169       288.2867       287.4565       286.2316       284.9150       284.4172    
 1896   284.3069       284.7216       285.3266       286.1979       287.2000       288.0536       288.4445       288.3154       287.4343       286.1624       285.0558       284.4340    
 1897   284.2904       284.5977       285.2555       286.2790       287.2395       288.0195       288.2731       288.3182       287.5154       286.3350       284.9734       284.2777    
 1898   284.3031       284.4519       285.3887       286.2435       287.1143       287.8172       288.2390       288.1100       287.2805       286.0842       284.8604       284.4184    
 1899   284.2360       284.7271       285.3089       286.2013       287.0039       287.7609       288.2389       288.2220       287.5107       286.2008       284.9315       284.2961    
 1900   284.3928       284.5452       285.4183       286.2508       287.2104       287.9599       288.4284       288.1925       287.5273       286.1935       285.0322       284.3334    
 1901   284.3450       284.7342       285.3651       286.3793       287.1642       287.8768       288.4445       288.2585       287.3627       286.2845       285.1189       284.5427    
 1902   284.7344       284.9372       285.6612       286.4030       287.3327       288.0363       288.4488       288.2283       287.5873       286.3993       285.0302       284.4041    
 1903   284.4365       284.8049       285.4093       286.2692       287.1917       287.8401       288.1797       288.1199       287.2900       285.9637       284.9612       284.0988    
 1904   284.1991       284.5500       285.3979       286.3739       287.2151       287.7459       288.0757       287.9525       287.1776       286.0056       284.9210       284.2157    
 1905   283.8572       284.4497       285.1824       286.1851       286.9876       287.7237       288.2219       288.1238       287.3335       286.1416       284.8902       284.3895    
 1906   284.4024       284.6829       285.5247       286.4124       287.2839       287.9384       288.3291       288.1685       287.5224       286.2431       285.1225       284.4708    
 1907   284.3371       284.6183       285.5002       286.4174       287.3260       288.0600       288.4396       288.2072       287.4628       286.2385       285.0385       284.4000    
 1908   284.3751       285.1417       285.7155       286.5050       287.3751       287.9387       288.4003       288.1631       287.3494       286.0731       285.0183       284.5458    
 1909   284.1163       284.5739       285.4004       286.2261       287.1814       287.8578       288.2752       288.1578       287.3573       286.1106       285.0125       284.2710    
 1910   284.3083       284.7063       285.4224       286.3471       287.2984       288.0453       288.3097       288.2125       287.4356       286.2619       285.1399       284.4390    
 1911   284.2589       284.7775       285.5033       286.3817       287.2026       287.8632       288.2916       288.2769       287.4681       286.2355       285.1011       284.4474    
 1912   284.2990       284.5058       285.4313       286.2915       287.2614       287.9086       288.2737       288.2569       287.4544       286.2699       285.0071       284.3840    
 1913   284.1401       284.7922       285.4206       286.4057       287.2272       287.9240       288.3533       288.1324       287.3538       286.2541       285.0335       284.3278    
 1914   284.3278       284.6115       285.3822       286.3281       287.2693       287.9008       288.4238       288.3130       287.5118       286.3710       284.9972       284.4203    
 1915   284.2207       284.8049       285.6072       286.4491       287.2527       288.0694       288.4388       288.3272       287.4823       286.1898       285.1907       284.5518    
 1916   284.4557       284.7035       285.5804       286.5088       287.4064       288.0441       288.4751       288.3340       287.6057       286.2110       285.0562       284.5557    
 1917   284.7671       284.9290       285.5655       286.4223       287.2132       288.0945       288.5166       288.2745       287.5323       286.3810       285.1690       284.5662    
 1918   284.4922       284.8689       285.7177       286.5248       287.3702       288.0827       288.4786       288.3518       287.5375       286.3019       285.1997       284.4878    
 1919   284.4701       284.9512       285.5806       286.4344       287.2849       288.1015       288.4989       288.4348       287.5629       286.4393       285.2092       284.4781    
 1920   284.5012       284.8400       285.6530       286.4483       287.2933       288.1323       288.6020       288.3936       287.5356       286.3928       285.3786       284.6411    
 1921   284.5688       284.9378       285.6590       286.5474       287.4816       288.1530       288.6365       288.4574       287.6729       286.3519       285.0580       284.4303    
 1922   284.3501       284.8481       285.5073       286.5214       287.2762       288.0085       288.4917       288.3884       287.6138       286.4492       285.2018       284.2314    
 1923   284.3921       284.7747       285.3774       286.3756       287.2143       287.9119       288.2623       288.1905       287.4117       286.1123       285.0979       284.4208    
 1924   284.2122       284.5314       285.3660       286.4463       287.2031       288.0910       288.4013       288.3137       287.5721       286.4089       285.0910       284.4351    
 1925   284.4825       284.7190       285.5530       286.3864       287.3068       288.1300       288.4841       288.3014       287.5398       286.2457       285.3405       284.5675    
 1926   284.6154       284.7143       285.4090       286.5215       287.3613       287.9800       288.5212       288.4240       287.6070       286.2557       285.0552       284.3210    
 1927   284.3798       284.6416       285.5705       286.5633       287.4476       288.2695       288.6518       288.5239       287.6920       286.5244       285.2516       284.4233    
 1928   284.5255       284.8591       285.6150       286.4687       287.4577       288.2267       288.6017       288.5208       287.8018       286.5535       285.3587       284.6628    
 1929   284.9179       285.1995       285.8774       286.8734       287.6971       288.4566       288.8277       288.6904       287.9767       286.5831       285.4969       284.7285    
 1930   284.5246       284.9330       285.8988       286.6392       287.3019       288.0890       288.5084       288.3777       287.6332       286.3319       285.1354       284.6455    
 1931   284.4515       284.7085       285.5596       286.4831       287.3977       288.1599       288.3694       288.3920       287.5904       286.3717       285.3046       284.4209    
 1932   284.4250       284.6445       285.4234       286.5262       287.4258       288.0922       288.4861       288.2894       287.6288       286.2318       285.0363       284.5929    
 1933   284.5849       284.6535       285.4901       286.3699       287.3002       288.1959       288.6124       288.4908       287.6550       286.3297       284.9725       284.4362    
 1934   284.5894       284.9979       285.7137       286.3910       287.4050       288.1510       288.5935       288.5237       287.6889       286.5260       285.3015       284.6597    
 1935   284.4475       284.8975       285.7159       286.6941       287.5959       288.3891       288.8632       288.6826       287.9037       286.5680       285.4217       284.8966    
 1936   284.6785       285.2641       285.7836       286.7384       287.5966       288.3909       288.7978       288.5958       287.7514       286.4350       285.4143       284.6357    
 1937   284.6367       284.8376       285.6789       286.5761       287.6084       288.3568       288.6014       288.4371       287.7404       286.4353       285.4649       284.7088    
 1938   284.7458       285.0465       285.6716       286.5998       287.4572       288.1542       288.6252       288.5638       287.6948       286.4903       285.1885       284.7219    
 1939   284.6782       284.9908       285.6439       286.6534       287.4856       288.1984       288.5125       288.4772       287.6876       286.4400       285.2594       284.7671    
 1940   284.7002       285.0762       286.0129       286.6591       287.5089       288.1703       288.6043       288.5584       287.6867       286.4818       285.4175       284.7159    
 1941   284.6240       285.0345       285.8511       286.6725       287.6439       288.3174       288.8004       288.6904       287.8145       286.6143       285.5111       284.7585    
 1942   284.6266       284.9446       285.8397       286.7587       287.5609       288.2951       288.6859       288.5581       287.6801       286.5244       285.4247       284.6979    
 1943   284.6783       285.0537       285.4748       286.5765       287.4706       288.1040       288.5093       288.4311       287.6531       286.4846       285.2793       284.7058    
 1944   284.8058       285.0955       285.6790       286.5609       287.4028       288.2586       288.6380       288.5105       287.6933       286.5832       285.3247       284.5309    
 1945   284.4815       284.9750       285.7561       286.5634       287.3073       288.0442       288.4330       288.3898       287.5799       286.5397       285.4550       284.5552    
 1946   284.3478       284.8078       285.6682       286.5549       287.4257       288.1814       288.5328       288.3706       287.6002       286.3670       285.2140       284.7064    
 1947   284.6143       285.0981       285.6552       286.4142       287.3459       288.0146       288.5391       288.3199       287.5500       286.2931       285.1735       284.5770    
 1948   284.4589       284.8619       285.7040       286.4361       287.3648       288.0767       288.3915       288.2151       287.5950       286.2474       285.3768       284.6046    
 1949   284.4677       285.1621       285.9686       286.7187       287.5605       288.1773       288.7076       288.4786       287.7176       286.5754       285.5149       284.9036    
 1950   284.7458       285.2187       285.9000       286.8296       287.6105       288.3180       288.6862       288.6814       287.8628       286.5899       285.3674       284.6596    
 1951   284.7084       284.7537       285.4295       286.4747       287.3737       288.1311       288.4581       288.4212       287.5953       286.3446       285.2839       284.6788    
 1952   284.7126       284.9380       285.4539       286.3755       287.3948       288.0262       288.2751       288.1836       287.3963       286.3110       285.1948       284.5316    
 1953   284.3862       284.8724       285.4671       286.4606       287.2328       288.0852       288.5074       288.3194       287.5278       286.3028       285.2963       284.3586    
 1954   284.4967       284.8931       285.7027       286.5518       287.5106       288.3394       288.7549       288.5499       287.6664       286.4987       285.2538       284.7576    
 1955   284.5858       285.0031       285.5814       286.5061       287.4233       288.0844       288.5593       288.3456       287.6380       286.2622       285.3150       284.3510    
 1956   284.4362       284.8992       285.5999       286.6067       287.5465       288.2707       288.6776       288.4682       287.6454       286.4724       285.2897       284.5324    
 1957   284.5532       285.0674       285.6101       286.4941       287.4399       288.2182       288.6534       288.5362       287.8714       286.4643       285.1664       284.7264    
 1958   284.6124       284.9679       285.7869       286.4916       287.5301       288.3593       288.7776       288.7125       287.8966       286.5946       285.4620       284.6389    
 1959   284.8540       285.2772       285.8094       286.7672       287.5677       288.3216       288.5876       288.5501       287.7646       286.5287       285.5463       284.8917    
 1960   284.8517       285.1033       285.8509       286.7853       287.6109       288.3358       288.8671       288.5269       287.7966       286.5869       285.3470       284.6224    
 1961   284.7722       285.1366       285.7738       286.6805       287.5543       288.2559       288.5544       288.3979       287.5624       286.3247       285.3790       284.7414    
 1962   284.6771       284.9101       285.5815       286.3911       287.3826       288.1314       288.3683       288.2910       287.5020       286.3590       285.1901       284.6626    
 1963   284.5458       284.8630       285.5213       286.4594       287.2608       287.8958       288.3087       288.1633       287.4445       286.2136       284.9815       284.5196    
 1964   284.5511       284.8185       285.4936       286.4392       287.2046       287.9744       288.4302       288.3054       287.5999       286.2976       285.2589       284.5792    
 1965   284.8282       285.2082       285.9688       286.7729       287.6163       288.3252       288.6837       288.4785       287.6308       286.2790       285.0268       284.6097    
 1966   284.4037       284.6334       285.3449       286.5618       287.1478       287.9864       288.4186       288.3929       287.6699       286.3506       285.3836       284.6464    
 1967   284.5735       285.1420       285.8770       286.6761       287.4676       288.1310       288.5757       288.4704       287.6739       286.3691       285.2160       284.6207    
 1968   284.4800       284.9299       285.6454       286.4887       287.3674       288.1516       288.5359       288.4912       287.6551       286.3877       285.3568       284.7695    
 1969   284.6517       284.9578       285.7625       286.5523       287.4318       288.1708       288.5510       288.4363       287.5760       286.3567       285.2100       284.7575    
 1970   284.5791       284.8838       285.6762       286.5038       287.3383       288.1516       288.5216       288.4742       287.7503       286.4825       285.3576       284.6122    
 1971   284.6271       285.1143       285.8760       286.7289       287.5462       288.3052       288.8221       288.8082       287.9732       286.7398       285.4441       284.7166    
 1972   284.8530       285.1747       285.9102       286.9219       287.8787       288.5909       288.8812       288.7048       287.9225       286.6612       285.5413       284.8012    
 1973   284.5772       285.0226       285.8180       286.7027       287.5845       288.2476       288.6934       288.5142       287.7075       286.3997       285.3510       284.6592    
 1974   284.7122       285.1617       285.7402       286.7510       287.4743       288.2717       288.5634       288.4010       287.6505       286.3594       285.4060       284.4995    
 1975   284.6342       284.8828       285.7025       286.5184       287.3449       287.9933       288.6151       288.4604       287.6209       286.3687       285.1629       284.5671    
 1976   284.3686       284.8721       285.7174       286.3822       287.4786       288.2600       288.6273       288.5324       287.7817       286.5358       285.3576       284.5823    
 1977   284.7965       285.1624       285.8267       286.8147       287.6353       288.4684       288.8231       288.6434       287.8236       286.6150       285.5038       284.7769    
 1978   284.8380       285.1273       285.9317       286.7531       287.6281       288.3401       288.6807       288.6185       287.8768       286.5446       285.4845       284.5910    
 1979   284.6319       284.9379       285.6230       286.5664       287.6019       288.5392       288.9335       288.7827       287.9253       286.6223       285.5923       284.7795    
 1980   284.8724       285.2697       286.1306       286.8770       287.7319       288.5434       289.0383       288.8854       288.0327       286.8650       285.6836       285.1683    
 1981   284.8661       285.3570       286.0961       286.9068       287.6740       288.3878       288.8181       288.7026       287.8724       286.7953       285.4391       284.9278    
 1982   284.9510       285.2136       286.0144       286.7692       287.6525       288.4242       288.9184       288.8978       287.9532       286.7631       285.7747       284.7693    
 1983   284.8981       285.3165       285.9244       287.0393       287.8018       288.4589       288.9678       288.7862       288.0503       286.7360       285.6056       284.8584    
 1984   285.0059       285.4190       286.0519       286.8993       287.7546       288.5019       288.8574       288.7760       287.8081       286.6461       285.5220       284.7148    
 1985   284.5810       284.9892       285.6934       286.5871       287.5208       288.3349       288.7168       288.5998       287.9191       286.6303       285.3520       284.7065    
 1986   284.8468       285.1945       285.9355       286.7651       287.5802       288.4420       288.8242       288.6913       287.8509       286.6517       285.4955       284.9704    
 1987   284.8254       285.2510       285.9895       286.8447       287.7607       288.5489       288.9158       288.9177       288.1619       287.0385       285.7242       285.1397    
 1988   285.3356       285.4625       286.2259       286.9207       287.8942       288.5873       288.9844       288.7929       288.0195       286.9277       285.7637       285.2207    
 1989   285.0095       285.4841       286.0018       287.0079       287.9132       288.5811       288.9810       288.8987       288.2080       286.9956       285.7141       285.1249    
 1990   284.9738       285.2501       285.9446       286.9980       287.9701       288.6779       289.0456       288.9422       288.1448       287.0173       285.7290       285.0676    
 1991   284.8818       285.1574       285.9262       286.8056       287.7350       288.3845       288.7489       288.7129       287.9301       286.6556       285.2668       284.6691    
 1992   284.6268       285.0315       285.5199       286.5241       287.4456       288.1488       288.6401       288.5923       287.8322       286.5611       285.3674       284.8145    
 1993   284.8707       285.2076       286.0083       286.8924       287.8694       288.4484       288.8770       288.7570       287.9717       286.6074       285.5643       284.7119    
 1994   284.9286       285.2283       285.8961       286.7986       287.6652       288.3253       288.7715       288.5715       287.9013       286.6148       285.6873       284.9594    
 1995   284.9204       285.2536       285.9163       286.8221       287.9084       288.7564       289.0966       289.0171       288.2339       287.0244       285.9302       285.2430    
 1996   285.1061       285.6883       286.4804       287.2758       288.2531       288.8452       289.3070       289.2599       288.3744       287.1775       285.8248       285.2453    
 1997   285.3179       285.6855       286.3193       287.2982       287.9851       288.8069       289.1359       288.9934       288.1370       286.9374       286.0217       285.2960    
 1998   285.2831       285.3093       286.0486       287.1308       288.0094       288.8230       289.1732       289.0300       288.1772       287.1390       285.8424       285.2076    
 1999   285.2973       285.4810       286.2186       287.0182       288.0809       288.7303       289.0753       289.0822       288.3389       287.2947       285.9904       285.3619    
 2000   285.3093       285.7370       286.1286       287.2048       288.1510       288.8483       289.3624       289.2028       288.4249       287.3248       286.1697       285.4125    
 2001   285.2628       285.4785       286.0646       287.0739       288.1467       288.8595       289.3558       289.2261       288.4137       287.1713       286.0561       285.3762    
 2002   285.3770       285.7823       286.2643       287.3259       288.1147       288.8439       289.3104       289.2285       288.4349       287.1345       286.0789       285.3891    
 2003   285.4710       285.7629       286.3729       287.2165       288.0476       288.8645       289.3376       289.2352       288.5002       287.3978       286.1653       285.2831    
 2004   285.3011       285.6787       286.3353       287.1482       288.0894       288.8972       289.2748       289.3551       288.6459       287.3530       286.1574       285.4521    
 2005   285.3909       285.8661       286.4248       287.2217       288.2126       288.8999       289.4631       289.3994       288.7871       287.5635       286.5618       285.6599    
 2006   285.5671       285.7753       286.6370       287.3179       288.2389       289.0062       289.4640       289.2940       288.5533       287.3124       286.1436       285.4385    
 2007   285.4389       285.6029       286.4300       287.4049       288.3159       289.0788       289.5780       289.5021       288.7300       287.4785       286.3517       285.6449    
 2008   285.6781       286.0342       286.7087       287.6047       288.4440       289.2833       289.6678       289.5331       288.7228       287.5070       286.4982       285.9008    
 2009   285.6886       286.0475       286.8930       287.6507       288.3843       289.0866       289.5638       289.4760       288.6817       287.5682       286.2477       285.5205    
 2010   285.4878       285.9745       286.5404       287.4536       288.3467       289.0255       289.4898       289.3823       288.5023       287.3570       286.0705       285.4191    
 2011   285.4146       285.8565       286.4744       287.3915       288.2683       288.9117       289.4711       289.5210       288.6708       287.4765       286.3739       285.6329    
 2012   285.3235       285.7582       286.3577       287.4054       288.2906       289.1172       289.5794       289.4925       288.6677       287.4809       286.3959       285.8494    
 2013   285.6783       286.0339       286.7090       287.5634       288.5267       289.2419       289.6799       289.6481       288.9422       287.6163       286.4192       285.6762    
 2014   285.7149       286.0039       286.6407       287.5428       288.4150       289.2428       289.7724       289.6363       288.7961       287.6279       286.5669       285.8235    
 2015   285.8100       286.1358       286.6391       287.5698       288.4388       289.2635       289.7107       289.7103       288.9659       287.7169       286.7249       285.8266    
 2016   285.8826       286.4337       286.7604       287.7575       288.6328       289.5202       290.0199       289.8422       289.0483       287.7817       286.7540       285.9232    
 2017   285.8846       286.1760       286.7831       287.7032       288.6391       289.3470       289.8092       289.8006       289.0060       287.8708       286.7093       286.1301    
 2018   286.0057       286.3816       287.0596       287.8156       288.7283       289.4955       289.9207       289.8281       289.0683       287.9489       286.7336       285.9078    
 2019   285.9450       286.2531       287.1659       287.8220       288.6716       289.4314       289.8676       289.6634       288.9713       287.6965       286.6345       285.8800    
 2020   285.8252       286.3963       286.9077       287.6142       288.4561       289.2171       289.6893       289.7040       289.0612       287.7877       286.5552       286.0664    
 2021   285.8448       285.9843       286.8260       287.6907       288.6883       289.4228       289.8111       289.8157       289.1490       287.8235       286.6451       286.0212    
 2022   285.8275       286.1772       287.0171       287.8821       288.8319       289.6041       290.2123       290.1348       289.3614       288.1111       286.7473       286.2391    
 2023   285.9683       286.2206       287.0404       287.9767       288.7274       289.4117       289.8379       289.8173       289.0226       287.8342       286.7267       285.8607    
 2024   286.1049       286.3326       287.0331       287.8589       288.6287       289.4197       289.8350       289.9066       289.2407       288.0130       286.8722       286.0679    
 2025   286.1969       286.4570       286.9765       288.0591       288.7656       289.6714       290.0487       289.9606       289.3208       288.0594       286.8528       286.2630    
 2026   286.0556       286.5398       287.1719       288.0103       288.8442       289.5000       289.9261       289.8654       289.1124       288.0114       286.8919       286.1967    
 2027   285.8053       286.0876       286.9588       287.7885       288.7729       289.4843       289.9205       289.9227       289.2931       288.0845       286.9216       286.1818    
 2028   285.9338       286.3838       287.0127       287.9073       288.8232       289.4811       289.9541       289.8802       289.1329       287.9390       287.0317       286.1770    
 2029   286.1830       286.3620       287.0622       287.9449       288.6838       289.6065       289.9952       289.9619       289.2681       287.9985       287.0231       286.2455    
 2030   286.0406       286.5101       287.3246       288.0073       288.9656       289.7496       290.2429       290.2425       289.4597       288.2187       287.0321       286.3676    
 2031   286.2193       286.6853       287.1755       288.1921       289.0732       289.9801       290.4103       290.3399       289.5884       288.2657       287.2067       286.6065    
 2032   286.4300       286.8312       287.6901       288.2375       289.0514       289.7815       290.2142       290.2840       289.5352       288.3996       287.3123       286.4164    
 2033   286.3274       286.7140       287.3262       288.2291       289.0303       289.8467       290.2477       290.2587       289.5729       288.4240       287.3093       286.4057    
 2034   286.6562       286.8365       287.3853       288.2068       289.1233       289.7147       290.2474       290.2362       289.5321       288.3669       287.1828       286.5189    
 2035   286.5181       286.8234       287.4203       288.2671       289.1380       289.8813       290.2774       290.3326       289.5289       288.3456       287.0726       286.6515    
 2036   286.4280       286.7383       287.6551       288.3377       289.3386       290.0887       290.6300       290.5214       289.8872       288.5187       287.4477       286.6296    
 2037   286.6839       286.7742       287.4955       288.3447       289.1934       289.9698       290.4653       290.5489       289.7543       288.6014       287.5456       286.8542    
 2038   286.7375       287.0074       287.4901       288.4016       289.2059       290.0164       290.5399       290.4627       289.7136       288.5190       287.3557       286.6555    
 2039   286.4513       286.9049       287.5357       288.3499       289.1700       290.0717       290.4306       290.5440       289.8560       288.5965       287.5273       286.8927    
 2040   286.5755       286.8646       287.6359       288.4406       289.2545       289.9865       290.6522       290.4890       289.7942       288.5033       287.3928       286.8169    
 2041   286.6084       286.9256       287.5695       288.5295       289.2882       290.2202       290.7846       290.7835       289.9474       288.7041       287.5135       286.8954    
 2042   286.7307       286.8628       287.6929       288.6663       289.5442       290.2491       290.7892       290.8138       289.9579       288.7855       287.5819       287.0080    
 2043   286.8482       287.1651       287.8133       288.4908       289.4556       290.1464       290.6305       290.5878       289.9761       288.8426       287.8504       286.9735    
 2044   286.8226       287.2700       287.8726       288.8213       289.4766       290.2922       290.8012       290.7659       289.9651       288.8684       287.7233       286.8887    
 2045   286.8236       287.0116       287.4774       288.6075       289.5364       290.2518       290.9269       290.8585       290.1158       288.9920       287.8964       287.0160    
 2046   287.2562       287.4826       288.0564       288.9501       289.8733       290.6889       291.1185       291.1361       290.3576       289.1893       288.0127       287.3406    
 2047   287.2111       287.4848       288.2540       289.0320       289.9018       290.7934       291.2501       291.2191       290.4163       289.2995       288.1792       287.1502    
 2048   287.1115       287.1635       288.0175       288.8890       289.8150       290.6353       291.1726       290.9821       290.3564       289.0945       287.9659       287.4234    
 2049   287.2857       287.5107       288.4129       288.8734       289.8061       290.5247       290.9951       291.0001       290.1873       289.0501       288.0786       287.3781    
 2050   287.1779       287.1896       288.0790       288.9710       289.8892       290.5886       291.1274       291.0357       290.3533       289.2758       288.0448       287.4172    
 2051   287.5673       287.6623       288.1960       289.0572       289.8795       290.8576       291.3843       291.3204       290.4621       289.4398       288.1338       287.6476    
 2052   287.4318       287.6348       288.3979       289.1580       289.9345       290.8524       291.3254       291.2170       290.4938       289.2924       288.3291       287.6319    
 2053   287.3288       287.8401       288.1626       289.1318       289.9859       290.7409       291.1801       291.1376       290.3521       289.2921       288.1482       287.2972    
 2054   287.3602       287.5466       288.3936       289.1145       290.0650       290.8480       291.3818       291.4037       290.6606       289.4719       288.3441       287.6390    
 2055   287.6290       287.7641       288.4033       289.1341       290.2591       291.0164       291.5764       291.5343       290.6784       289.6223       288.5421       287.7633    
 2056   287.7448       288.0439       288.8212       289.5718       290.3958       291.2045       291.7326       291.7584       291.1534       289.9473       288.8372       288.0810    
 2057   287.8683       288.1903       288.7311       289.5180       290.4610       291.2144       291.6318       291.5912       290.9306       289.7502       288.6311       288.1789    
 2058   287.7323       288.1368       288.6756       289.5627       290.4177       291.0817       291.5238       291.5953       290.9547       289.7167       288.5138       287.7310    
 2059   287.6721       287.9998       288.6859       289.4393       290.3100       291.1298       291.6951       291.7049       290.9403       289.7471       288.8024       288.0142    
 2060   287.8372       288.3325       288.7660       289.6514       290.5699       291.3187       291.8982       291.8781       291.2245       289.9719       288.8477       288.1050    
 2061   288.0354       288.2520       288.8775       289.6795       290.5058       291.2900       291.9012       291.8829       291.1299       289.8806       288.8925       288.0556    
 2062   287.9798       288.3383       289.1109       289.7989       290.6508       291.3321       292.0186       291.9498       291.2641       290.0500       288.8446       288.2502    
 2063   288.0171       288.3519       288.9987       289.8949       290.6936       291.4492       291.9804       291.9815       291.2378       290.1019       289.0166       288.2338    
 2064   288.1327       288.5344       288.7995       289.9073       290.6397       291.4890       291.9400       292.0274       291.2561       290.1451       289.2268       288.3779    
 2065   288.0716       288.2121       288.7832       289.7515       290.6923       291.4558       292.0183       292.0594       291.2986       290.2091       289.0255       288.3788    
 2066   288.2143       288.4203       289.1928       289.8523       290.7750       291.4421       291.9997       291.9567       291.2062       290.0212       289.0655       288.2885    
 2067   288.0116       288.4725       289.0776       289.9912       290.8192       291.7284       292.3029       292.3255       291.4308       290.2743       289.1415       288.4855    
 2068   288.3422       288.6670       289.2329       290.0430       290.8681       291.6840       292.2654       292.3625       291.6105       290.4537       289.2978       288.6685    
 2069   288.3061       288.6859       289.2121       289.9644       290.9815       291.8001       292.2418       292.4540       291.7277       290.5444       289.3730       288.6836    
 2070   288.7454       289.1149       289.2538       290.1943       291.1069       291.9393       292.3760       292.3897       291.7979       290.7162       289.4873       288.7647    
 2071   288.6946       288.8990       289.6249       290.2866       291.0828       291.9375       292.5042       292.5043       291.8063       290.4602       289.2829       288.5540    
 2072   288.5061       288.7945       289.3942       290.3369       291.1812       292.1105       292.6924       292.5885       291.8493       290.6320       289.5974       288.8726    
 2073   288.7514       289.0861       289.7191       290.4436       291.2383       292.1132       292.6422       292.5618       291.9385       290.6990       289.7428       289.0163    
 2074   288.8307       288.9789       289.6234       290.4733       291.2952       292.0184       292.6174       292.7026       292.0226       290.9120       289.8510       289.0587    
 2075   288.8868       289.3254       289.9152       290.5643       291.2390       292.2965       292.9868       293.0205       292.2681       291.1980       289.9036       289.2477    
 2076   289.0554       289.0221       289.7888       290.6467       291.6094       292.3549       292.8830       292.8882       292.0852       290.8990       289.7473       289.1880    
 2077   289.0950       289.1447       289.8094       290.5394       291.5539       292.3116       292.8901       292.9931       292.2185       290.8936       289.7293       289.2612    
 2078   289.1433       289.4645       289.8686       290.6668       291.5011       292.4656       292.9637       292.9786       292.2425       291.0760       289.9446       289.3289    
 2079   289.2762       289.4384       290.0037       290.7268       291.6243       292.4779       293.0656       293.1933       292.4620       291.2825       290.0983       289.1242    
 2080   288.9453       289.1932       289.8026       290.7002       291.6291       292.4435       292.9635       292.9115       292.1587       290.9557       289.9633       289.1820    
 2081   288.9865       289.4363       289.7259       290.6369       291.4881       292.4279       292.8868       292.9453       292.2480       291.1918       290.1444       289.2242    
 2082   289.1090       289.4132       289.9405       290.7730       291.4298       292.4148       292.8012       292.8388       292.0645       290.8414       289.7421       289.1999    
 2083   289.0253       289.4537       290.0177       290.7625       291.7823       292.5348       293.1050       293.0784       292.4122       291.1294       289.9800       289.4100    
 2084   289.4833       289.5782       290.0253       290.8851       291.6643       292.5723       293.0756       292.9945       292.2393       290.9637       289.8924       289.3523    
 2085   289.3583       289.4904       290.0297       290.8535       291.7936       292.5981       293.1673       293.1327       292.3127       291.2365       289.9421       289.3817    
 2086   289.2756       289.4656       290.0740       290.7692       291.9099       292.7720       293.3497       293.3377       292.6338       291.4006       290.2803       289.6851    
 2087   289.5216       289.8045       290.4881       291.1423       292.1818       292.9553       293.4230       293.3565       292.6203       291.4133       290.2826       289.4116    
 2088   289.3062       289.4691       290.2159       290.9968       291.8493       292.4588       293.2017       293.3309       292.4884       291.3746       290.1713       289.6100    
 2089   289.6760       289.8076       290.5778       291.1327       292.0475       292.8711       293.3888       293.4191       292.5545       291.3622       290.4770       289.7507    
 2090   289.4427       289.6627       290.3082       291.2575       292.0927       292.9393       293.4483       293.5858       292.7177       291.5758       290.4136       289.8113    
 2091   289.5639       289.9246       290.5362       291.3436       292.0104       292.9832       293.5951       293.6099       292.8496       291.4486       290.5667       289.8502    
 2092   289.5148       290.0360       290.4183       291.3300       292.1646       292.9411       293.5884       293.5813       292.8538       291.6807       290.6367       289.9817    
 2093   289.5822       289.7858       290.6129       291.2164       292.2294       292.9873       293.6035       293.6433       292.8054       291.6571       290.4160       289.8809    
 2094   289.7965       290.1379       290.6260       291.3049       292.3285       293.0565       293.5465       293.5602       292.8799       291.7161       290.6064       289.9579    
 2095   289.7746       289.9933       290.5104       291.3351       292.2393       293.1483       293.6736       293.8053       293.0369       291.7354       290.6991       289.9545    
 2096   290.0190       290.2128       290.7891       291.2828       292.2902       293.0280       293.6917       293.6046       292.8405       291.5418       290.7312       290.1094    
 2097   289.7564       290.2207       290.8709       291.6502       292.5074       293.3700       293.8161       293.9501       293.1134       291.8489       290.7938       290.1534    
 2098   290.1284       290.2663       290.9098       291.9419       292.8513       293.6587       294.2044       294.0744       293.3266       292.0986       291.0502       290.3398    
 2099   290.2340       290.6005       291.1024       291.7742       292.6818       293.5226       294.0862       294.0822       293.3872       292.1048       290.9853       290.3800    
 2100   290.1679       290.5771       291.0391       291.6431       292.6084       293.4013       294.0911       294.0219       293.4300       292.1589       291.1134       290.5999    
